3.451478 -2.622584
0.663125 -5.071022
-3.161250 -1.300942
2.292142 -0.879610
-0.845161 0.146291
1.896093 -3.998159
0.800168 -4.606694
-2.120379 -4.407636
-0.465928 -4.848903
-0.280537 -4.915969
-3.079669 -3.649105
-1.026254 0.811391
0.726716 2.277236
2.706637 -0.948327
1.479775 -4.124892
2.313219 -3.910164
-1.041436 0.800353
3.451581 -2.315545
-0.870432 1.168010
1.245641 -4.185249
0.649711 1.931570
0.706013 -4.623789
-2.392707 -0.704397
-3.337744 -2.416718
-1.134294 0.452750
-0.927174 1.378457
0.686891 -4.386268
1.240814 -4.588081
-1.532920 -4.088962
2.149248 -0.280952
-1.284168 -3.990623
-0.592496 -5.186840
2.047785 -4.247974
-1.239451 -4.352024
-3.091345 -3.487290
1.178010 0.236135
2.928135 -1.117733
-2.247392 -3.898104
1.263733 0.553993
1.914205 -4.385689
-3.242279 -1.371286
0.628714 0.861984
3.469666 -2.957406
3.360722 -2.448949
2.015727 -0.762589
-2.362516 -0.518663
-1.639245 0.084665
0.380159 -5.097694
-1.781745 -0.249428
0.799595 0.831493
1.896831 -4.230575
2.875592 -1.330304
1.890466 -4.445801
1.409172 -0.492049
-1.886170 2.929333
0.848150 -4.863393
0.460762 -5.055187
-0.797133 1.752836
-0.856827 -4.184690
-0.877303 -4.818699
0.884312 -4.621562
2.412258 -0.468781
0.670447 -5.078781
-3.470108 -2.534550
-1.034155 1.353287
-3.265869 -3.369157
-3.257414 -3.209490
-0.546513 -5.121911
-3.275373 -1.429179
-1.120630 2.095512
0.754888 1.919890
-1.483036 0.155504
-2.609924 -0.951446
-0.467519 -4.786834
1.031078 2.616895
-2.627865 -0.642603
-1.163519 -3.905539
1.587989 -4.387383
1.776405 -4.495696
-0.686467 0.691035
-1.550006 -3.965704
-1.074285 0.793099
2.117242 -4.182567
0.764732 -4.568199
1.396281 -4.584234
1.545838 2.336205
3.002992 -3.615698
2.015755 -4.195094
-3.339649 -3.307114
-0.588345 0.671898
-1.509437 -0.017235
0.451883 -5.104609
-0.457396 -4.846633
2.165394 -0.772271
1.439958 -0.196349
1.261801 2.307604
0.527862 1.989670
-3.117486 -3.569589
3.197976 -2.921371
0.691091 1.093749
-0.947468 0.234767
0.042782 -5.055878
2.812456 -3.776809
-1.433920 0.330986
-1.813469 -0.079042
-2.046153 -0.205684
-3.323304 -1.772390
3.018754 -1.750408
-0.642173 1.673680
-3.097750 -1.809338
-1.370231 2.659098
-0.594403 0.908934
-2.050383 -0.407493
1.033245 -4.414647
-1.036190 0.213978
2.738250 -1.005239
-2.954442 -1.094507
0.932110 0.293590
2.688952 -3.790355
-0.687578 -4.747072
-1.318530 -4.298520
2.699846 -3.820628
0.593719 -5.002733
-0.786761 1.758142
2.134758 -0.389599
-0.975118 2.125619
-1.474350 -4.174553
2.874407 -1.524299
-3.219561 -2.885458
-2.084433 -0.413832
-3.411510 -2.960567
0.404607 -5.121066
-3.433229 -3.039721
-0.814290 1.264265
1.022798 1.622641
0.904355 1.321421
0.653195 -4.801472
-0.972637 1.868998
-0.245048 -5.076997
-1.459944 0.027529
-1.683815 -4.404368
-3.015953 -3.737000
0.387071 -4.898049
0.943755 2.278782
3.105348 -3.205997
2.922634 -4.030590
1.173157 -4.423641
-0.984568 1.913252
-2.430854 -3.762217
-0.731689 -4.347739
-0.600618 1.675460
-1.124929 -4.663886
3.114041 -3.710606
-1.833330 -3.802300
-2.085387 -0.831938
1.586487 -3.737101
0.512039 -5.099330
-1.991294 -4.171445
2.307272 -4.318628
0.552907 -4.884016
-0.633919 -5.129044
-0.574686 -4.841880
2.850138 -3.626214
-2.768372 -1.284623
-1.139985 2.658035
3.253669 -1.594280
-0.646426 0.370918
1.236087 -4.267049
2.805256 -0.928376
2.665352 -1.222089
1.368229 -4.185458
-3.184665 -1.572395
-2.395910 -3.898664
-2.644883 -0.940023
-0.812302 -4.570303
1.281459 3.144061
-2.462322 -0.573653
-2.999483 -3.390891
2.770739 -0.906912
0.476517 -4.922349
3.402218 -2.301985
1.683415 -0.502593
0.501603 -4.854933
-1.121860 2.833309
-0.584039 0.604183
1.075454 0.673203
-0.899121 1.386729
0.987923 0.544164
-1.703429 3.121607
-1.140680 -3.956520
0.312125 -4.914675
2.313259 -0.741444
1.010119 1.203650
-1.389236 -3.990258
-2.902425 -1.308204
0.509190 -4.981849
0.975342 -4.422009
0.823062 -4.709812
-0.944841 -4.212118
-1.413998 2.854719
1.823751 -0.580676
0.608487 1.663889
-2.374549 -3.985059
1.319518 0.463862
3.186257 -1.964960
0.944520 1.363295
-0.168658 -4.865614
-1.167803 0.342696
-1.283803 2.491227
2.853330 -1.116603
0.831024 0.898909
-0.880614 -4.722800
-3.100879 -3.245884
0.660801 -4.383903
2.499860 -0.893227
-0.356868 -5.044880
3.177321 -3.592535
-1.189269 -4.413791
-3.254049 -3.153726
-1.334664 2.760484
-0.373424 -4.913096
0.569427 -4.952492
-0.640260 0.725661
1.132210 2.097359
3.375898 -2.304812
0.710809 0.640139
-2.808319 -1.247910
-0.693457 0.680019
1.586207 3.000381
-0.892236 1.455437
3.014953 -3.476590
0.501911 -5.000752
-0.501540 -4.989018
0.664214 -4.712585
1.969197 -3.940468
1.611115 0.086374
-0.339609 -5.210021
-0.731843 -4.634120
0.020836 -4.981413
1.753518 3.239288
3.180538 -1.376056
2.045348 -0.857605
1.146388 0.841046
-0.814949 -4.826038
0.636014 1.157275
0.493978 -4.579171
-3.004994 -3.620151
1.209900 -4.179219
1.049767 -0.208410
-3.404203 -2.102343
-1.096705 -4.619614
1.018258 2.056483
0.666979 1.328779
-1.657619 -0.679604
-0.874861 -4.830223
-1.222725 2.384229
2.558825 -1.157375
0.944979 0.806419
-1.286755 0.121264
1.086492 1.770297
3.273248 -2.536565
0.118350 -4.873341
1.099407 2.081260
0.377289 -4.853617
-1.535608 -0.511100
2.742925 -3.806478
0.949903 0.869832
-0.062838 -4.962358
1.630786 -4.111524
-1.010061 1.557373
2.772417 -1.067455
-2.597367 -1.117897
3.036423 -3.362630
-0.463022 -5.180031
0.672025 -4.981875
-1.776405 -0.358168
0.716784 0.825082
0.596646 -5.171321
0.997778 -0.030739
-3.248574 -1.971886
-0.884124 -4.877280
3.435102 -2.484862
1.073151 0.454032
0.225292 -4.823279
-2.257707 -0.614239
0.781792 1.967488
-2.611503 -3.816155
2.092769 -0.913356
1.111800 -3.892178
2.166534 -0.478377
-1.372559 0.325177
-1.485985 0.131747
-0.711040 -4.979978
-0.952680 0.966136
-0.159059 -4.887514
1.556439 2.625211
-2.020493 -0.703171
-1.060943 2.144471
3.025912 -1.692487
2.151681 -0.387304
0.122369 -4.966691
-3.387836 -2.502558
0.892990 -4.106134
3.037718 -1.804103
3.261006 -2.580627
0.465690 -4.864668
-0.986493 -4.675478
1.345848 -0.358084
-1.656527 2.527916
0.828350 1.424903
0.755540 -4.665512
0.277020 -5.124875
1.052115 0.975810
-2.761276 -1.267416
-1.175783 2.006853
-2.651417 -0.764279
0.657223 -4.955931
2.710916 -4.177942
-3.118255 -3.259360
-0.667945 1.708598
0.512153 -4.898245
1.066047 2.822861
-0.662020 2.051618
-3.411291 -2.814091
-0.914632 0.451200
0.557803 -4.689771
0.466732 -5.159574
2.320488 -4.102515
0.327133 -4.917202
1.083377 1.866160
1.039011 0.484811
2.495585 -0.714039
2.476971 -0.962921
0.882916 0.815195
2.629701 -1.214191
1.295063 -0.070334
0.884782 -4.679640
2.557988 -3.982518
0.787917 -4.724376
2.520855 -3.980209
2.875128 -3.700676
-1.541144 2.722596
1.550046 2.438428
3.264768 -3.198361
2.050513 -0.592721
-3.054238 -1.689223
2.005179 -4.435705
-2.017078 -0.726900
-0.434610 -5.096851
2.844486 -1.225466
0.787297 -5.008463
0.581353 1.455629
1.667379 -4.491071
-1.905967 -3.808568
0.516150 -5.082344
2.752085 -3.751083
2.278649 -4.223365
2.141621 -4.385230
-0.777024 0.540919
-3.249147 -2.038717
-0.735259 2.007434
2.300970 -3.768699
0.489012 -4.860333
-1.117719 0.937516
-2.484739 -3.938789
1.018328 2.250861
-0.817358 0.979500
-1.751201 -0.151228
2.154001 -4.312759
-0.836161 -4.604052
-3.320781 -3.318008
-0.667779 -5.120258
-0.862092 -4.901503
2.682003 -3.790032
-0.935505 -4.585219
2.758028 -1.149914
-1.422208 -4.358449
-0.809366 -4.901205
0.478894 -4.870210
-0.487126 -4.963099
3.077900 -1.886533
-0.541281 -4.986596
-1.787391 -4.434244
1.133173 -4.515106
3.204313 -2.270420
0.734261 -4.717993
1.900918 2.703431
3.300484 -1.555288
0.791228 1.346675
2.629140 -4.219599
2.400072 -0.660533
3.278858 -3.468045
-3.397515 -2.199329
-3.437338 -2.983915
3.243449 -2.939477
1.007222 0.563027
-3.358891 -2.036055
1.110896 0.045008
3.316626 -3.224244
0.797899 2.802465
-3.171716 -3.334107
1.731686 -4.270689
-1.061959 1.764886
0.876060 -4.694166
-0.810046 0.938597
2.898823 -1.200962
1.572225 0.038778
-1.046116 -4.580063
-2.967166 -3.732501
-2.534575 -0.658506
-0.936610 0.051705
2.321977 -0.440254
-1.598272 -4.155688
0.015342 -5.082539
-3.219224 -3.629099
1.082435 1.786747
0.094554 -5.116720
-1.075964 -4.523062
0.371476 -4.850886
-0.807258 -4.786902
-3.408582 -3.023948
3.203813 -3.121838
-2.137746 -4.374301
-0.697288 -4.581665
-2.370278 -4.403640
-3.238693 -2.614998
-0.577619 -4.817120
-0.178629 -4.888576
2.353261 -4.356827
1.368196 3.296010
-0.701599 1.019245
1.413226 -3.862160
-3.231607 -2.270007
-0.267165 -5.119210
0.262788 -4.988494
0.450890 -4.816949
0.382690 -5.145259
3.202870 -2.439627
-1.187137 -4.006048
3.184039 -2.178262
-2.824250 -3.911294
-0.004809 -5.058784
-0.202610 -4.954752
2.890703 -1.315694
0.340664 -5.076729
1.174144 -3.992630
1.197414 0.494618
-0.037757 -5.022577
-2.213429 -0.732304
1.859441 -0.300709
-1.575531 2.635486
-3.029181 -1.235394
2.911197 -3.513615
2.084484 -4.059795
1.617906 -4.200791
1.647702 0.099297
-1.702116 -4.366784
-1.471121 -0.545979
-0.955509 2.314534
1.508976 -4.594912
1.295798 -4.291282
-2.158221 -4.449724
0.985656 -0.056241
-2.195033 -0.640077
-2.302828 -4.225031
-0.677405 -5.023002
0.767378 0.508104
-2.729227 -3.916920
-1.566397 -3.970132
2.602346 -0.916927
-0.935169 -4.256290
-3.135923 -3.349797
3.212083 -3.235496
-2.858835 -3.793448
1.451530 -4.268771
0.922180 -4.704388
1.148149 -4.598813
-1.733814 -3.757953
0.461450 -4.860013
0.839401 -4.845264
3.247368 -2.088297
-1.179228 -0.362502
-0.944484 0.916485
0.583168 -4.906367
-0.689950 -4.815615
-1.563406 0.112782
0.613272 0.780018
3.322029 -3.175309
-0.611682 1.261430
-2.316797 -0.465230
0.914768 1.254586
-0.550384 1.149970
1.509150 -4.552801
0.943241 -4.598767
0.975417 0.308329
-1.934778 -0.485177
0.590865 2.193902
0.670154 0.369186
-3.191745 -3.225625
1.135452 -4.556713
3.196416 -2.908536
0.518253 2.068704
-2.559132 -3.971626
0.673765 -4.294155
1.807580 -0.114725
-0.839304 2.321389
-1.719096 -4.331464
-3.291237 -2.475206
0.925139 -4.256816
1.584309 -4.454945
-2.679534 -4.184275
-1.200959 -3.842575
-2.538973 -4.132755
1.772217 -0.611830
-1.158017 0.357995
3.296707 -2.543157
1.148400 -0.074151
-1.087509 -4.599074
3.452172 -2.538143
-2.109279 -4.466946
-1.044419 2.470284
-3.268072 -3.016542
-3.369377 -2.218725
-0.732617 1.422281
-1.333715 0.409415
-0.248706 -5.186217
0.116115 -4.926248
-0.955880 0.064010
-0.601333 -4.895434
-0.520480 1.186779
-3.100587 -3.269805
-2.697275 -1.194991
0.736509 0.210219
1.560608 0.002504
-3.333735 -1.928407
0.433553 -4.783705
0.060563 -4.858643
-1.130405 -0.274509
0.860572 0.160120
-0.932760 -4.522645
-2.815512 -4.044592
0.613570 -4.372005
2.995849 -1.513250
0.498187 -4.862951
-3.173987 -1.830230
0.932992 -4.280888
-3.181003 -2.155153
2.782701 -3.916873
0.775046 -4.303872
0.461635 -4.845076
2.607178 -3.957073
0.454527 -4.931198
-0.260791 -4.951969
-0.629294 0.666131
1.193233 -4.256353
3.279926 -3.244285
-0.680722 1.138203
-3.284286 -1.411998
2.073302 -0.538407
-3.100571 -3.507260
0.693183 -4.496186
3.386880 -3.146248
-0.776636 -5.051506
-3.227844 -1.668760
0.450557 -5.214777
-0.902730 0.516236
0.940023 1.916373
0.394135 -4.925148
-2.323168 -4.176498
0.458975 -4.794692
0.590642 -4.715228
0.509727 -4.747239
-0.512885 2.214388
2.850206 -0.822313
2.513157 -4.241316
1.534812 0.099281
2.251621 -0.476386
1.785855 -4.083178
-2.564557 -3.790792
-0.755877 0.262914
3.443178 -2.449924
0.554695 -4.850340
0.956783 1.757554
-3.381561 -3.056027
-0.504504 -4.901097
-1.926149 -0.430730
2.837926 -1.075087
-0.954076 1.609615
-0.665909 -4.992624
3.426734 -3.042462
1.884568 -0.201842
0.577555 -5.096511
-2.883375 -3.600241
1.260553 -3.887103
-1.031669 1.674709
3.310068 -3.425459
-3.251015 -2.197603
3.323391 -2.089671
-2.526234 -1.073021
0.953913 -4.774700
1.249822 -4.592062
-2.718532 -3.914009
-1.386616 -4.607060
-1.070869 -0.194269
-2.389976 -0.919054
2.855699 -3.745670
-3.009120 -3.485053
0.815072 -4.658376
-1.213377 -4.159535
-0.928691 3.010994
0.946970 1.464813
-2.015272 -4.157524
-2.312824 -3.969602
1.782635 2.611848
-0.469166 -4.887312
0.725113 0.579424
2.364297 -4.017021
0.852111 -4.814443
-0.854012 1.114548
0.488440 -4.931989
3.121810 -1.963860
-1.017582 2.389814
-3.283335 -1.947893
2.584336 -3.916101
3.116139 -1.720502
-1.625041 -0.330392
-1.440836 0.242190
1.581765 -4.217080
-3.235754 -2.608133
1.601108 3.148367
-2.314696 -0.866869
2.680739 -4.015557
1.813320 -3.816780
3.155845 -3.426121
2.549662 -1.139870
0.888051 0.666726
0.944003 -4.551855
-0.227784 -4.869593
-0.374395 -5.010857
2.659037 -0.955096
0.061473 -4.932901
-0.802513 -4.793679
0.755093 -4.947027
0.526080 -4.917946
3.119197 -1.139758
-2.834006 -0.849352
0.980507 1.906508
1.661151 -0.436188
3.142239 -3.122970
-0.684127 -4.955765
-0.577740 -4.897545
0.907099 -4.752744
0.528821 -5.075352
-0.029529 -5.015667
-3.098647 -3.662377
-3.358397 -2.502493
-0.420872 -5.067273
-2.087012 -3.880720
-1.103692 -4.218825
-0.086425 -5.176915
0.815829 -4.451489
-0.803278 -4.939374
-0.654736 2.515059
0.310267 -5.215332
-1.766360 -3.768567
-1.340757 -4.295259
0.147643 -4.840332
3.191512 -2.968471
-2.745162 -1.311340
-1.818148 2.894461
-2.538229 -0.715605
-0.698225 -4.804757
0.899911 0.201304
-1.306321 -4.210902
-1.767786 -4.089834
3.347481 -2.595705
3.213624 -1.943987
-3.202937 -1.984174
0.860466 0.768629
-1.509422 -0.222317
1.439893 0.053226
-2.257235 -4.244530
2.379272 -3.832195
-1.213086 -4.641363
3.222860 -2.806242
-0.315086 -4.843897
-3.162821 -2.003436
-3.200778 -3.650954
-3.347513 -1.691257
-0.737161 0.711698
-2.279757 -4.287516
0.430994 -5.193502
-3.451862 -2.609824
0.382059 -5.148457
0.946678 -4.318938
-0.530957 -4.794496
-3.116266 -1.601657
-1.448015 -0.215064
0.507865 -4.885963
-2.362389 -0.935169
-2.227912 -3.840306
0.478630 1.773272
2.683110 -0.900078
0.985457 0.228165
1.657625 0.004691
-1.209476 -0.049401
-0.532413 2.335187
1.165977 -3.859967
-0.529221 -4.695601
0.891500 1.679699
0.452331 -4.857885
-0.658942 -5.079525
-0.916782 -0.019947
1.713533 -4.067423
0.052363 -4.869362
1.935906 -3.862604
-1.310781 -4.539420
-1.482429 3.090387
0.805924 1.276205
3.155567 -2.080803
1.979586 -4.121640
-1.008405 0.592155
-2.989093 -1.653022
2.406134 -0.793293
0.612307 -5.124482
0.715256 -5.037963
0.698362 -5.042124
0.473724 -4.923561
1.899894 -4.220718
0.940650 0.107341
0.834390 0.733169
-1.728219 -3.874895
-3.255379 -2.866892
3.179416 -3.313418
3.323184 -1.954658
1.614221 -4.154716
0.200062 -5.034735
2.209703 -3.786175
-1.190821 -4.208072
0.842409 -4.689923
0.554626 -5.059956
-0.979986 2.321872
1.678947 -0.072179
-1.033447 -3.930680
-2.806282 -1.146419
3.310065 -3.331756
-1.155882 -0.232870
-3.217851 -1.864674
1.330158 -0.275745
1.463324 -0.492932
-1.821101 -0.595053
0.562185 -4.959488
-0.725606 -4.926983
2.444338 -4.192416
-0.673250 2.517145
-3.386524 -3.313895
0.815921 1.099975
0.264780 -4.831775
-2.973733 -1.296214
3.353828 -1.622623
0.940605 1.800795
-2.995082 -3.941924
-2.427220 -4.145052
-3.088161 -3.834643
0.718237 1.724436
0.542696 -4.877221
-0.568640 0.595052
3.120737 -2.020774
0.885329 -4.248621
1.469782 0.192657
1.194223 -4.212704
2.866478 -1.010769
1.074146 0.800584
3.484579 -2.628384
0.728709 -5.123230
-2.172897 -0.278296
0.884800 -4.628518
-0.165174 -5.103670
0.898970 -4.832608
-3.061349 -3.663497
2.882583 -3.658474
0.707793 -4.184279
-3.171776 -1.810340
-1.601110 2.440135
0.596260 -4.922714
-1.188487 0.570104
0.588740 -4.953803
-2.850867 -4.003044
-0.916275 -4.889145
-1.185650 0.135940
0.578858 -5.010646
1.816066 -0.260957
1.409205 0.144346
0.453074 -4.924341
-1.068292 -0.031445
2.580388 -3.796201
-3.390312 -2.427102
-1.393514 -3.972736
-0.489524 -5.110693
-1.799276 -0.044688
3.132750 -1.139594
-2.918359 -1.511746
-0.745137 1.268612
-3.058753 -3.487092
0.837823 1.288249
-1.861239 -4.352364
-1.081164 0.102932
3.058411 -1.054669
2.284001 -4.168603
0.703290 -5.066703
3.407783 -2.419578
1.388991 3.059571
-1.057552 2.385702
0.545680 -4.952519
-2.703295 -4.003773
-1.041650 -4.268100
-1.661370 -0.387739
-1.017697 -0.140634
-1.807363 -4.086213
-3.249345 -3.608391
3.351606 -3.180092
3.113962 -1.945269
0.612555 -5.092769
-1.794069 -0.143769
-1.906777 -0.593304
3.426324 -2.516246
0.565273 -5.021410
-3.246900 -1.930915
-0.099510 -4.995586
2.124236 -4.087951
-0.363577 -5.025507
-3.414589 -3.181351
-0.499964 -4.792107
2.677848 -0.917767
-0.490384 -5.089288
0.540459 -4.974771
3.355127 -2.662166
-0.180356 -5.076521
2.483795 -4.204793
-2.973065 -1.687933
-0.536578 -5.151227
-0.567852 -4.984285
-3.335267 -3.178216
-2.903625 -4.010562
0.872880 -4.727232
2.233698 -3.890445
-2.383971 -4.247261
0.609032 -4.974290
3.232371 -2.838019
-0.586315 -4.683679
0.335012 -4.858534
-3.211128 -3.073138
0.535112 -4.925878
2.303665 -0.915881
3.367529 -2.977102
2.708356 -3.808668
-1.102107 0.624091
2.760501 -0.986220
0.638934 -4.908320
0.998869 1.156084
-0.702824 2.312439
-1.081892 0.846115
-0.839495 -4.879742
-0.382375 -4.998490
-0.261990 -4.886025
2.033244 -0.192846
-0.355851 -4.830443
-2.843950 -0.997108
-1.114513 -4.536150
0.829628 -0.016799
-1.014324 -4.376709
3.048061 -3.368109
1.032533 -4.407094
-2.025949 -4.314615
-3.018821 -3.832548
2.481147 -3.978385
-1.356287 0.390691
2.032789 -0.622207
0.863460 0.050028
-1.137689 -4.243249
1.168629 2.295146
-1.249014 -4.483937
-3.128966 -1.742775
-0.641081 2.511671
-1.404898 0.186559
-3.224753 -2.525767
0.516064 -5.032008
0.774503 -5.033968
1.465103 -0.347788
-3.095340 -3.714495
1.783110 -0.090211
0.801481 0.895316
2.967516 -1.577357
0.983392 -4.103079
-2.457852 -4.320512
0.939464 0.752170
1.831421 -0.694922
-1.108755 2.200409
-0.243417 -4.905288
-2.601044 -3.958504
-0.899671 -4.482785
1.290545 0.520729
3.449667 -2.497263
3.411332 -2.105559
3.390096 -3.153949
-1.501790 -0.207248
0.850947 1.080495
2.043182 -4.340228
1.987917 -0.719594
0.589086 -4.977194
0.152482 -5.096798
-2.944932 -1.342407
0.649225 1.033911
-0.979842 -0.111500
-0.879857 0.856507
-3.325714 -1.639437
-0.515100 -4.904012
1.185912 -4.528772
1.037655 2.563127
-1.748906 -3.809570
-0.783430 -4.923851
-0.602952 -4.328324
1.517368 -0.446238
1.148789 0.790304
0.823309 -5.003381
-1.967252 -4.459339
1.090840 0.582840
-0.597230 -4.928140
-2.089245 -0.315128
2.473416 -1.075405
0.896271 -4.648060
2.804003 -1.425244
-3.324989 -3.000415
0.774501 -4.546747
-0.576395 -5.015791
-1.314163 -4.218252
-1.341136 -0.133257
0.567850 -4.935847
-0.787552 1.212557
-1.677990 -4.171464
-1.700149 3.266854
-1.539338 0.037075
-2.605924 -3.923880
-2.888851 -3.513864
0.681730 -4.650920
0.465443 -4.885504
1.623890 -3.978515
-0.949695 2.209466
-0.937111 -4.130158
0.529739 -4.730184
0.699433 0.500408
-0.842718 -4.124032
-1.592177 -4.492309
-2.860990 -4.014087
3.419559 -2.857682
-0.796450 -4.898875
3.049286 -1.500509
3.054566 -3.402194
3.041835 -1.794409
0.623014 -4.981773
1.224560 -4.616634
0.617627 -5.144456
3.109560 -3.616029
-0.343464 -4.870655
-1.148866 -0.043118
1.375807 -0.528840
0.548678 -4.952660
-2.820286 -1.191585
2.198320 -4.373516
-1.423336 0.058835
-3.412387 -2.513443
-0.269542 -5.213207
-0.848861 -4.665190
0.531990 -4.997998
-1.646922 0.015982
0.600455 -5.184426
2.196093 -4.120305
-2.473460 -4.239227
-3.193374 -3.357038
0.513283 -4.562638
-0.503453 -4.865063
-1.899186 -4.227297
0.595623 1.822244
1.933162 -0.834381
-1.336749 2.231197
3.229664 -3.278059
0.164302 -5.025787
0.920243 -4.114016
3.291019 -3.343693
-1.064372 -4.673313
-2.975650 -3.572452
2.062084 -4.055765
-0.632328 -5.074908
-3.265598 -1.566586
0.074196 -5.215039
1.619554 -4.192110
0.669369 0.910561
-2.165011 -3.842325
-1.376560 0.115703
3.091395 -1.741674
