-0.257419 0.0478268
-0.246334 0.0435309
-0.248252 0.043475
-0.251384 0.0436309
-0.254839 0.0438398
-0.259559 0.0442604
-0.265887 0.0449458
-0.255555 0.0409798
-0.258705 0.0411279
-0.263146 0.0414767
-0.259007 0.0386134
-0.262165 0.0387534
-0.26696 0.0391309
-0.263398 0.0363982
-0.271146 0.037157
-0.282609 0.0384082
-0.27273 0.0348143
-0.276958 0.0350645
-0.281887 0.0353987
-0.290593 0.0341323
-0.289224 0.0336978
-0.298 0.03232
-0.29358 0.0315861
-0.293165 0.0336154
-0.266791 0.0282524
-0.297895 0.0292033
-0.279581 0.025209
-0.290472 0.0259866
-0.288511 0.0256114
-0.300092 0.0289631
-0.28781 0.0233206
-0.288163 0.0211179
-0.286058 0.0187486
-0.287112 0.0165945
-0.274828 0.0137565
-0.280478 0.0139315
-0.272698 0.0114497
-0.275492 0.0114788
-0.279734 0.0115673
-0.28654 0.0117598
-0.294511 0.0119968
-0.283577 0.00943748
-0.288615 0.00953409
-0.297766 0.00976413
-0.287409 0.00731348
-0.296215 0.0074826
-0.308496 0.00773641
-0.299489 0.00534262
-0.315253 0.00558342
-0.305047 0.00321038
-0.301645 0.00100675
-0.296731 -0.00114217
-0.292195 -0.00322463
-0.290305 -0.00529011
-0.289927 -0.00736683
-0.298852 -0.00753944
-0.302278 -0.00978275
-0.304943 -0.0120449
-0.305323 -0.0142385
-0.305323 -0.0164171
-0.34468 -0.018402
-0.341996 -0.0206817
-0.343145 -0.0231824
-0.342761 -0.0255848
-0.334325 -0.0273238
-0.354058 -0.0287329
-0.338226 -0.0298276
-0.352259 -0.0308481
-0.337484 -0.0319118
-0.350011 -0.0328667
-0.348835 -0.0351764
-0.337094 -0.0342298
-0.346035 -0.0375551
-0.333976 -0.0365013
-0.320519 -0.0352787
-0.339304 -0.0397503
-0.328156 -0.0387185
-0.322046 -0.0382707
-0.306608 -0.0366999
-0.330625 -0.041968
-0.30887 -0.0394924
-0.293315 -0.0377789
-0.309957 -0.0421992
-0.291905 -0.0400355
-0.310629 -0.044902
-0.291213 -0.0424092
-0.309071 -0.0473138
-0.293033 -0.0451955
-0.284023 -0.0441374
-0.298383 -0.048627
-0.286517 -0.0470492
-0.302551 -0.0519892
-0.291417 -0.0504607
-0.282524 -0.0492995
-0.297612 -0.0542369
-0.289054 -0.0530883
-0.281284 -0.0520676
-0.275315 -0.0513666
-0.286626 -0.0557492
-0.280287 -0.0549519
-0.274688 -0.0542879
-0.270147 -0.0538241
-0.280856 -0.0582384
-0.274938 -0.0574781
-0.270068 -0.056926
-0.264588 -0.056235
-0.260781 -0.0558912
-0.267905 -0.0596664
-0.262138 -0.0588763
-0.257387 -0.0583026
-0.253626 -0.0579454
-0.258676 -0.0613263
-0.253646 -0.0606561
-0.250528 -0.0604352
-0.248349 -0.0604391
-0.252653 -0.0637196
-0.250436 -0.0637237
-0.24701 -0.0634173
-0.242107 -0.0627228
-0.2445 -0.0655625
-0.239624 -0.0648437
-0.235678 -0.0643658
-0.237145 -0.0669592
-0.233219 -0.0664652
-0.234089 -0.0688979
-0.230476 -0.0684735
-0.231337 -0.0709089
-0.228315 -0.0706481
-0.225875 -0.0705643
-0.22316 -0.0703921
-0.223717 -0.0727365
-0.221285 -0.0726502
-0.219134 -0.0726552
-0.216982 -0.0726602
-0.214831 -0.0726653
-0.212679 -0.0726703
-0.210262 -0.0725841
-0.20785 -0.0724979
-0.205962 -0.0725944
-0.203812 -0.0725995
-0.202169 -0.0727873
-0.200012 -0.0727925
-0.198104 -0.072889
-0.19619 -0.0729856
-0.194271 -0.0730822
-0.194276 -0.0709048
-0.192351 -0.0709986
-0.19042 -0.0710923
-0.188483 -0.0711861
-0.186772 -0.0713686
-0.186545 -0.0690909
-0.184826 -0.0692678
-0.18287 -0.0693588
-0.181131 -0.0695357
-0.180688 -0.0671661
-0.179386 -0.0675039
-0.17917 -0.0652145
-0.178067 -0.0656218
-0.177416 -0.0631683
-0.17651 -0.0636396
-0.175652 -0.0611107
-0.175149 -0.0617158
-0.174728 -0.0593313
-0.175029 -0.0602039
-0.174402 -0.0577276
-0.173985 -0.0553345
-0.174442 -0.0562084
-0.1732 -0.0535336
-0.174422 -0.0546288
-0.172377 -0.0516942
-0.172175 -0.0493426
-0.172589 -0.0471644
-0.175968 -0.0487363
-0.175971 -0.046364
-0.175368 -0.0438398
-0.174966 -0.0413797
-0.174362 -0.0388853
-0.173354 -0.0363223
-0.178612 -0.0379357
-0.178016 -0.0353754
-0.178018 -0.0329421
-0.178021 -0.0305088
-0.177823 -0.0280439
-0.177227 -0.0255269
-0.184266 -0.0269087
-0.184859 -0.0244329
-0.185845 -0.0219873
-0.186437 -0.0194732
-0.187226 -0.0169605
-0.187424 -0.0143806
-0.187818 -0.0118076
-0.188803 -0.00925253
-0.189395 -0.00665635
-0.189986 -0.00404377
-0.191167 -0.00141919
-0.174841 -0.00128025
-0.174841 0.00111006
-0.175041 0.00350436
-0.168317 0.0033243
-0.16771 0.00557419
-0.167507 0.0078266
-0.17504 0.00829038
-0.17484 0.0106712
-0.167506 0.0100857
-0.168112 0.0123895
-0.16892 0.0147273
-0.169324 0.0170461
-0.169727 0.0193758
-0.169523 0.0216389
-0.168915 0.0238393
-0.167092 0.0258357
-0.172834 0.0270888
-0.168242 0.0286691
-0.165845 0.030528
-0.168836 0.0333868
-0.173822 0.0367493
-0.179333 0.0384397
-0.190255 0.0413542
-0.182283 0.0415986
-0.176813 0.0397988
-0.175214 0.0418342
-0.172337 0.0405924
-0.170918 0.0425633
-0.171571 0.0421572
-0.172387 0.044652
-0.173215 0.0442771
-0.181934 0.0488952
-0.176315 0.0467708
-0.1788 0.0468231
-0.181506 0.0469312
-0.180215 0.0443203
-0.18226 0.0442639
-0.184299 0.0442076
-0.186556 0.0442042
-0.187672 0.0467534
-0.190169 0.0468057
-0.192442 0.0468022
-0.194947 0.0468544
-0.196752 0.0467394
-0.199021 0.0467358
-0.201049 0.0466766
-0.203558 0.0467288
-0.20558 0.0466695
-0.207845 0.046666
-0.210361 0.0467183
-0.213389 0.046882
-0.215407 0.0468228
-0.21742 0.0467636
-0.218641 0.0465372
-0.220899 0.0465337
-0.223156 0.0465303
-0.225683 0.0465826
-0.227398 0.0464677
-0.229376 0.0464086
-0.231349 0.0463496
-0.233878 0.0464019
-0.23332 0.0440291
-0.234998 0.04392
-0.236665 0.0438109
-0.23861 0.0437549
-0.240258 0.0436459
-0.242189 0.0435898
-0.244115 0.0435339
