3.065502 1.242874
-1.614643 1.714973
-3.493907 1.023269
0.925767 -1.307577
2.664886 -1.851686
-0.252627 1.348926
-3.812733 1.387638
2.585800 -1.662901
-2.846439 1.408466
3.187118 1.226647
-0.712048 1.787474
-3.283169 -0.840653
0.994282 -1.387092
-0.488573 -1.717283
-1.295520 -2.573913
1.575815 1.017462
-4.353095 1.044257
2.443829 -0.088965
0.088299 -1.724453
-3.326378 1.045363
-3.592079 -1.228199
-4.090487 0.936103
2.928577 1.077442
-3.218263 1.676643
-3.216111 -1.519118
-1.780635 -2.136591
-2.738323 -1.279745
-3.973379 0.551750
-4.022165 1.214235
-3.768762 1.426659
2.853343 -0.506928
2.718892 0.158430
2.799319 0.548215
2.605845 0.206463
0.315516 1.016252
-4.044400 -0.171666
2.347752 1.563258
-1.244338 1.824158
2.567240 -0.355965
-4.650920 0.427149
1.904530 1.478325
-4.079420 -0.010960
-2.249139 -1.715454
2.764220 -1.696512
1.669640 0.952382
-3.425583 1.080784
-3.572635 1.120681
1.648534 1.174312
-3.749904 -1.171126
2.968802 0.742218
3.013176 1.263028
1.120526 0.522814
1.404320 -1.041262
3.025968 1.359638
1.199390 0.693146
3.066163 -1.235152
2.969687 0.547570
-2.915332 -1.047281
2.990100 1.308163
2.237253 -1.724115
1.041143 0.778414
1.307915 -1.573040
-4.098403 -0.791286
2.548369 -0.680829
-4.497111 -0.275678
1.929913 -2.180811
2.792028 0.415293
0.473997 -1.785645
2.962554 0.760171
-3.887620 0.034855
-1.945433 1.958721
2.717535 0.181685
1.568159 1.000920
2.504047 -2.000525
-2.329313 -1.989663
2.475441 -1.173126
0.963397 0.908110
-1.957291 1.716906
0.533861 0.927170
2.540398 -1.492593
0.946170 -1.237779
2.729085 1.615503
2.495527 -1.582607
0.416820 -1.711427
-1.223980 2.039035
-1.832086 -2.179194
0.116929 1.140896
1.751343 0.969576
1.627024 -1.181528
-3.725650 -0.453794
-1.398140 -2.627103
-0.388942 -1.638476
-2.029267 -2.543570
1.187365 0.536878
3.177115 1.459346
2.491504 -1.580057
-4.363069 1.100980
1.083019 -1.070727
-3.279981 1.874550
2.192124 -1.873194
-3.277880 -0.896635
-2.703825 2.001157
-4.031671 1.148095
1.728745 1.090722
1.480744 0.734856
-3.736094 -1.246171
-2.129587 -2.325646
0.031321 1.075182
-4.084179 -0.678254
-0.371241 1.369166
2.790613 -2.013853
3.148956 1.037339
-2.196732 -1.950816
-2.311361 -2.329790
3.169486 1.352917
-3.084955 -1.917495
-2.936742 1.414320
2.605383 -0.576182
-3.322674 -1.365709
3.176993 0.988615
3.014273 -0.714532
2.842842 0.803367
2.586273 -1.654838
2.021413 -1.789387
-2.434609 -1.401991
1.875672 -1.669076
2.324411 -1.668374
3.246808 -1.566099
0.556032 -1.346803
-3.280571 -1.965517
-1.947258 -2.467489
2.926532 1.503622
1.548967 0.999526
-2.089154 2.141010
2.999619 -1.467092
1.693552 0.785389
0.897338 -1.508905
-2.108809 1.839163
0.505347 -1.543979
0.784748 0.667238
-1.243121 2.062108
0.977269 -1.419177
0.482191 -1.751358
2.443706 1.709131
-0.428082 1.477763
-1.752709 -2.448861
-4.698452 0.265536
-4.116387 -0.057586
2.512346 0.322846
2.455359 -1.784452
2.311508 1.392243
1.251636 0.559507
-3.739706 0.916086
-2.714707 -1.547489
0.059224 1.222345
2.730335 1.562200
1.377882 -1.414728
-3.062529 -0.855125
-3.607871 -1.285003
2.025378 -2.253176
2.776530 -0.289100
1.236684 -0.923945
3.053085 -1.160101
-4.549690 0.479988
-3.366946 -1.321795
-3.699487 -1.110298
-2.373332 1.646792
3.104360 1.163678
2.423877 0.077101
2.719593 0.617188
0.218968 -1.908069
2.450512 -0.351892
1.497928 -1.864607
3.172280 1.238875
2.237320 -1.684984
-2.233943 1.799256
0.694848 -1.506766
3.192567 0.893271
-4.515139 0.519846
-1.615305 -2.152796
3.036561 1.103841
1.142502 -1.153703
2.547383 -0.698739
2.620082 0.402234
1.126973 -1.300811
3.094566 1.346754
2.364368 -0.624545
2.706884 0.630012
1.320354 -1.656107
2.733442 -0.291449
-1.770775 -2.652471
-0.593549 1.780818
-2.921640 -0.722449
-2.054245 -2.356526
2.098850 1.529760
-3.981543 -0.200002
0.481989 -1.697155
0.854189 -1.490768
3.057837 -1.367998
-2.112402 -2.072047
3.223861 1.276137
3.162399 1.265768
3.117580 1.503686
-3.066099 1.219201
2.658830 -1.891901
-0.941266 1.456632
0.557987 0.729243
-2.117525 -2.323131
-1.739331 -2.486976
-3.345059 -1.839975
-1.581039 1.928510
2.359746 1.630264
3.014545 1.067313
2.587484 -0.983301
-2.492989 -1.134198
-0.060106 -1.634133
-3.652675 -0.622508
-4.646800 -0.238514
2.851423 -0.863857
1.853010 -1.414960
1.843600 -1.502264
-1.806965 -2.171052
-4.247973 -0.892384
-2.421650 -1.475939
-4.666292 0.597113
2.899862 1.770678
2.723122 -0.697691
0.214186 -1.695756
-2.206533 -1.769864
-2.904963 -2.199595
-2.767337 -2.466256
-1.653547 2.248928
0.612447 -1.295147
-0.145514 -1.668707
-1.192811 1.808856
2.544272 0.284588
3.184336 1.393272
2.239103 1.553195
-3.393211 -1.523673
0.539199 -1.826755
-4.181534 -0.534701
-3.570728 -1.379445
3.106586 1.552073
1.884769 -2.156217
-1.714975 1.772530
-2.532646 1.591449
0.116929 1.027621
2.666006 -0.006979
0.422959 -1.870639
1.129009 0.701259
2.979587 -2.194240
-4.502854 0.127111
1.867683 -2.186320
-2.402555 -2.440362
2.938954 1.411877
1.397651 -1.526012
-3.304226 -0.921694
2.997974 0.509547
0.455274 -1.847984
1.111655 0.639396
2.744296 -1.057678
-3.977586 -0.132742
3.023742 1.734269
-3.931948 -0.260049
-3.938188 0.144894
0.749496 -1.642946
-2.062108 2.142219
-1.334935 2.137771
2.020705 -2.158460
0.628715 0.635950
1.912025 1.172432
2.671946 0.307830
-3.913751 0.055181
2.836501 0.613840
-2.727975 -1.333956
0.927470 0.963067
2.333041 -2.169115
0.957193 -1.551781
1.638499 1.003033
0.784465 -1.324922
0.659763 0.975056
0.963410 -1.493977
1.303569 0.816395
-0.045381 -1.628612
-3.011944 -2.113827
2.493291 -1.635872
-0.304113 1.544169
1.431094 -1.552254
-3.462598 1.489172
2.769494 -1.584879
-4.252260 -0.857666
2.885090 0.629015
2.847267 1.650819
-4.593578 -0.175426
2.942906 -1.042926
3.070491 1.570868
-3.315446 -0.562408
2.943565 -1.079577
2.350861 0.172755
-2.372471 1.979097
1.173418 0.698379
1.769791 -1.954754
-0.758780 1.554538
2.317302 -1.475222
-2.905238 -1.016831
2.714500 0.633912
2.266155 1.435772
-0.224520 -1.802978
-4.145226 -0.931154
-3.234506 -1.275002
1.592603 0.790836
1.124820 0.751122
1.514966 -1.895949
2.868961 0.314199
2.666415 1.742036
2.319322 -0.480526
-2.884677 -1.516453
2.858634 0.450477
-2.595737 -0.906346
2.021566 1.440380
-2.487584 2.168882
2.673268 -0.834191
1.384835 0.655330
2.062085 -1.841407
-2.228973 2.184531
-3.852974 0.788468
-0.545797 1.650683
2.336990 -0.166578
2.692703 -1.154315
1.282922 -1.176263
2.779582 -1.502862
2.573944 -0.121497
3.188555 1.510505
2.821566 -0.660368
1.072370 -1.283548
2.995281 1.388923
-4.405912 0.969979
2.445769 1.717125
1.799858 1.374043
2.186962 1.412805
0.907539 -0.877796
2.712190 0.149455
2.906590 -2.207006
-1.306234 -2.301891
1.314754 -1.402048
2.446529 -0.509722
-2.784482 -1.944456
-1.632760 -2.777906
2.329299 -0.086808
-2.419988 -1.445978
2.140876 1.288556
0.706923 0.694603
-3.769157 -0.817833
1.469437 0.969036
-3.239946 -0.887870
2.485445 0.130111
-3.729011 -0.900871
3.189161 -1.313196
2.862253 1.651672
-0.067299 -1.813442
-3.687266 -0.758864
-4.653186 -0.293801
-2.296727 2.100772
2.623109 -1.594988
3.141564 1.337712
-4.566123 0.500938
-1.466967 1.925691
-3.346626 -0.588540
-2.630144 -1.060020
0.792528 -1.265016
-2.476777 -2.646038
-2.448898 -1.341152
2.382303 -0.514564
2.235703 1.410917
-2.481262 -1.453076
2.749922 -1.953597
-1.714828 2.254233
2.944120 1.595046
0.159964 1.166974
-1.869452 -2.191525
2.543417 -1.610544
-2.028105 -1.997169
1.434628 0.812531
3.097223 1.473526
-0.181395 -1.848091
-4.324992 0.680859
1.055188 -1.121827
1.106420 -0.941044
-0.793725 1.449890
-3.079586 1.967400
1.856858 1.069634
-3.892109 1.515018
0.852393 -1.683141
2.658755 -1.631934
-3.053764 1.786370
-3.915373 0.487485
-3.030435 -1.454756
1.094567 -1.209686
-1.047146 2.091360
-2.905672 -0.962281
2.693217 1.744538
3.027461 -0.684046
1.451877 0.611305
-3.778420 0.691900
1.791951 1.105361
0.360352 -1.732958
-3.212677 1.639617
-2.836467 -2.196881
-0.772900 1.888087
1.061775 -1.503174
-2.735011 -2.021063
0.509561 -1.888829
2.491202 -0.856290
3.037044 1.280504
-4.709314 0.205307
-2.662934 -2.034277
-4.469601 0.602605
3.017586 1.467536
3.114791 1.353371
2.568268 0.332338
2.864730 1.507416
2.098240 -1.581133
3.003676 -0.968751
1.721986 0.923773
2.276802 -1.788643
1.363051 -1.831632
1.402186 -1.537476
-0.202895 -1.803879
-2.371341 -2.112812
-1.025000 1.622068
2.467354 -1.553212
-3.475933 0.956786
2.478848 1.680418
0.248794 -1.788917
-3.829381 -0.404259
2.556340 -0.121482
1.746715 1.018661
2.882835 0.930806
2.778857 1.610588
1.688404 1.223561
-2.362436 1.641782
2.808815 0.663671
1.082792 -1.265568
-2.020617 2.060378
0.678538 -1.804787
-0.094307 -1.822178
-3.587383 0.972169
-1.337234 2.099660
3.014988 1.548292
-3.375989 -1.256015
-3.081026 1.284481
-3.946079 -0.364777
1.791382 1.332118
1.814817 1.121721
-2.625328 -2.413578
2.485951 -2.004838
2.675049 -1.349347
-1.439732 -2.525524
1.256383 0.847660
-3.670598 -1.179813
3.117672 1.496039
2.495438 0.328213
2.554091 0.332909
2.708173 0.535438
-0.646046 1.486525
-2.516086 -1.177297
0.239886 -1.593444
-4.081310 0.681854
-2.953246 -1.154247
-2.993974 -1.206553
-4.648182 0.036794
1.453139 -1.697757
2.979665 -2.130686
0.859694 -1.276793
0.975205 -1.296787
1.389442 -1.226078
-2.717570 2.029681
0.953248 -1.251910
-2.718617 2.015818
-3.134274 -1.936676
1.510265 -1.531547
0.510186 -1.735969
0.953747 0.918952
-2.835692 -1.302215
-3.927061 1.465760
2.803827 0.138667
2.325889 1.646478
3.278690 -1.461971
0.736773 -1.706706
-2.977533 -1.875850
3.106240 -1.277607
-2.640704 -1.637835
-0.176662 -1.751523
0.982035 -1.347652
-2.143189 2.175153
1.402850 1.015427
2.701154 -0.175776
2.943943 -0.714472
1.214061 -1.663939
-4.737399 0.106948
-3.359158 -1.277855
2.953085 1.215756
-0.164567 -1.659339
-2.792800 1.615183
2.844967 0.466115
-4.675617 0.582919
1.432414 0.924531
2.887238 0.904223
3.159494 -1.663214
-3.126769 -0.950285
-2.911774 2.063777
-3.794278 -0.996076
-2.239967 1.647239
-2.971735 1.495841
2.998719 0.584080
-4.354513 0.395090
-4.197586 0.443659
0.732665 -1.674463
-1.380352 2.132305
-1.663515 -2.152589
0.587602 -1.425208
-2.856488 -1.979525
2.514523 -0.278816
0.719331 0.967124
-1.338061 -2.457127
3.036990 0.459335
0.895625 0.503617
-2.242963 1.864817
-3.510253 -0.531302
2.596409 0.231944
-2.623415 -2.101232
-0.508303 -1.615652
1.397387 0.768327
-4.555259 0.414495
2.729504 -2.214247
-3.959148 -1.041063
0.882533 -1.554323
-4.046674 0.291221
-2.385286 -1.542221
2.941020 -1.704598
3.237849 1.292004
2.941444 -1.778774
1.701027 1.142483
3.014687 -1.641880
-1.039729 1.949920
3.089450 0.655296
2.387289 -0.862239
2.678373 0.585369
0.730472 -1.724714
-2.077931 1.685876
-3.385747 -1.399372
2.560934 0.391636
1.218869 0.587391
-2.844842 2.060238
1.057488 0.617417
-1.932594 -2.164292
2.407379 1.498017
2.128998 1.222719
2.797217 -1.964991
-0.077893 -1.672096
0.733475 -1.163904
-0.545401 -1.632626
-2.644239 -1.656264
-2.291518 1.717801
-3.824409 1.539837
2.892168 0.661674
2.678577 -1.223490
-2.539987 -2.569196
-2.992942 -1.464159
1.807546 -1.767242
3.213123 0.996292
1.317967 -1.225452
-4.040728 1.172280
-3.078484 -1.117791
-3.539685 1.440954
-3.402905 1.070207
2.425343 -0.029991
2.637239 0.242657
1.756365 -2.095746
3.171533 1.092104
-3.870635 0.543969
0.993082 -0.980629
3.078734 1.013261
2.687439 -1.645226
0.672690 0.632218
-2.162455 2.204308
1.562610 0.763752
-2.979619 -1.882587
2.915707 0.869305
1.827672 1.396454
1.811824 1.057730
2.688044 1.599638
-4.152759 0.253302
-4.143803 -0.175155
2.308113 -0.152852
-2.983583 -1.854508
-2.659548 -2.412490
1.803681 1.140041
-3.994112 0.260489
2.463442 -1.759420
3.002822 -0.734552
-4.392739 0.237620
-2.086586 -2.392374
2.599917 -0.450453
3.049694 0.835411
2.300950 -2.272641
1.251449 0.665465
-0.529390 1.536206
-2.563255 -1.098588
-0.603076 1.587414
-0.976446 1.738808
2.564547 -0.592576
-4.013819 -0.101805
-2.791115 -2.183641
2.609106 -1.710961
0.939749 -1.180556
-3.013588 -1.230639
0.753471 -1.446179
0.746295 0.587074
0.809745 -1.181145
2.364959 -0.375189
2.395007 -1.985009
1.740175 -1.492211
-4.212737 -0.598526
2.682578 0.271396
2.383458 -1.666432
2.241248 -2.315423
2.114150 1.448313
2.234343 1.410710
1.668068 -1.357890
0.718088 -1.493421
2.507633 1.705440
2.704394 0.505078
1.892674 -2.154274
2.865928 -1.584183
-4.058260 -0.032708
3.116531 1.092232
2.716883 0.195285
1.036517 -1.435471
0.254505 -1.644741
0.693351 -1.016020
-2.877053 -2.016753
0.661383 -1.313430
2.761015 -1.724923
-2.947272 -1.196009
1.704462 1.200191
0.161757 -1.667806
2.673458 -1.774215
-1.151834 -2.453967
-4.478432 -0.510214
-3.815248 1.317635
-3.726767 -0.218014
-0.441960 1.396630
0.904690 -1.197981
2.029599 1.504601
2.569084 1.657995
1.007905 -1.435335
2.662759 -0.849036
2.738167 -1.658532
-0.091978 -1.626624
2.926760 1.520514
-0.636541 -1.625422
2.954837 -1.905762
3.004161 1.708727
0.623393 -1.371596
-2.494338 1.953883
-3.293755 1.350570
2.804999 -0.307979
1.917728 1.329625
2.396594 -0.724452
0.723829 -1.506779
-4.590665 0.768290
1.755562 0.903931
-4.723183 -0.261826
0.161916 1.244037
1.092783 -1.487779
3.007024 0.878374
-1.163268 -2.442688
2.717347 -1.179906
-1.257408 1.721412
1.462842 -1.943900
-0.024715 1.149981
-3.934525 -0.350196
2.916922 -1.478354
2.902510 0.627085
2.455574 1.443943
-4.246109 0.879592
-2.673382 1.971495
-3.353391 -0.624566
-0.506039 -1.509043
-1.437632 -2.649450
-3.207810 1.491666
0.165524 0.910393
1.788508 1.243823
1.369899 -1.295578
1.849196 1.354450
-1.445751 -2.749801
2.978251 0.415739
1.168550 0.645959
2.733206 0.428189
2.265545 -1.727543
-2.251126 1.984683
0.571888 -1.796401
3.113621 1.276947
1.205981 0.899481
2.628203 1.597928
1.136735 -1.018417
-1.986156 2.101665
1.267148 0.910677
1.694689 -1.695215
2.600479 -1.684445
1.411527 -1.192986
3.065391 1.034279
-3.027444 -1.589669
2.927973 0.901955
3.243189 -1.593552
1.919870 1.434965
3.016118 1.453868
-4.333024 0.057322
3.081979 0.910171
2.749166 0.689610
-3.167228 -1.908137
-1.850216 2.143848
-2.680764 1.587419
2.587929 1.738142
-0.615991 -1.616657
2.504227 0.291001
-4.074126 -0.557460
1.959145 1.065334
0.775947 -1.049316
-3.508583 1.314420
2.689931 -1.961038
-1.831906 1.695817
-3.272190 -1.658203
2.506756 -0.871879
2.660351 0.311933
2.949185 -1.736703
-0.231098 -1.697082
2.795708 -1.855166
2.679444 -0.755808
3.241526 -1.557661
-1.623064 1.918090
-3.857533 -0.402280
2.612466 -1.718920
1.605881 1.172500
-2.877118 -1.579928
-3.847615 -0.070428
3.079224 1.232978
0.406333 1.143987
-3.625071 0.870981
2.824523 -1.060587
2.603003 -0.069257
1.891547 -1.575088
2.861177 1.624020
2.718302 -0.650378
-4.651777 0.633108
2.923944 0.901046
2.737289 0.024879
2.615347 -1.252251
2.499251 -1.405832
-3.478881 -0.565791
2.718267 0.416760
-3.002969 -1.328812
-3.879034 -0.642655
-2.805565 -2.272829
1.458884 -1.684498
-3.481856 -1.395419
-1.972735 2.113229
3.009848 0.848565
0.975679 -1.377605
2.464107 -0.386312
2.244241 -2.115277
1.781201 -1.940674
-3.920582 -0.856925
-4.475545 -0.485096
1.911337 -2.158106
0.323822 -1.650784
1.173924 0.901201
0.976380 -1.268836
1.590085 -1.898816
-0.314289 -1.667399
-3.385744 -1.807705
-0.881697 1.994383
-1.929813 -2.787284
2.592237 0.374052
-3.963681 0.317071
-1.110504 2.021391
2.805555 1.507959
3.003632 1.171356
2.585278 0.226286
-2.431336 -2.279542
2.367353 1.567729
-3.888216 -0.479769
1.027187 0.575352
2.186541 1.643810
-1.887224 -2.064783
-4.106735 0.973565
2.606927 -0.269313
1.555701 0.679024
1.919685 -1.604765
-1.249296 1.724631
2.532459 -0.398447
1.800749 1.034099
2.862994 -0.958967
-3.606143 0.953694
-4.417152 0.000111
-1.101154 1.907265
0.533562 -1.723252
1.796031 -1.522483
1.222129 0.731768
0.759793 -1.202454
1.083987 0.855814
-3.750163 -0.523180
2.727023 -1.378900
0.183758 -1.795068
2.540266 1.515991
-1.720868 -2.333803
-3.073992 1.840446
2.171810 -1.999739
1.186725 -1.153188
2.545277 -0.257669
2.503368 1.737922
2.608475 -1.578296
-2.723613 -1.729345
1.238683 -0.961033
-3.720288 0.815379
-3.849088 0.638803
1.032285 -1.204806
0.954483 0.523214
0.964939 -1.425170
-3.047469 -0.669095
2.927218 1.466698
2.853270 -1.071701
-2.926085 -1.422332
-3.509428 1.204862
3.250796 -1.422844
1.104059 -1.320589
2.793482 0.462720
1.512040 0.834415
1.009033 0.681751
-2.247325 -2.432076
2.617611 0.064293
2.333951 -0.348447
1.919700 1.324104
-1.951181 -2.108894
-3.631008 -0.281007
2.282344 -0.346839
-3.531427 -1.422300
-1.806496 1.750330
-2.718707 -1.703951
2.337001 -1.635020
-4.667688 0.351552
-2.232252 2.135620
-2.497104 -2.615359
-4.156356 0.668808
-2.685551 1.900261
1.017724 -1.278982
-3.116543 1.570962
1.011533 0.914594
2.009314 1.211666
-1.618435 1.954214
-2.704442 -1.564226
1.023484 -1.357961
-3.171900 -0.749745
2.987261 0.610093
-3.385855 -0.701291
1.609736 0.999293
1.532429 0.881555
2.916975 -1.479356
2.764825 -2.132525
2.325330 1.538794
2.459559 -0.690138
2.170099 -1.861229
1.580949 -1.414669
1.750793 -1.330285
-0.953805 1.679665
-0.314843 -1.802077
2.952376 0.865209
3.026605 -1.891804
-4.004148 -0.692975
-3.238069 -1.736363
-4.238605 -0.096632
-1.577002 1.816902
3.227545 -1.806801
-4.632979 0.535771
-4.197383 1.132331
-3.997244 -0.714350
-3.389528 1.796713
-2.206488 -2.087903
0.537329 -1.400262
-1.757430 1.802901
2.268707 -1.498011
-0.680451 -1.656790
-3.074162 -1.505119
2.695068 -1.228435
2.668801 1.560100
-4.104421 -0.725392
-2.764435 -2.061938
2.552734 -0.094759
2.498726 -0.299633
-4.437584 -0.581018
-1.273319 2.035022
2.557826 -1.611947
1.845017 1.285201
2.760244 0.060361
-3.168572 -1.252442
-0.354658 1.604823
3.112422 -0.878911
2.842332 -0.551046
1.721254 1.009977
1.290513 -1.549180
-3.848935 -0.343793
-2.830971 -1.669268
2.794797 1.567653
2.434196 -0.229055
1.030338 -1.453979
-1.225448 2.118495
0.561848 0.901748
1.237295 0.950953
-0.766763 1.863495
1.611043 1.171904
1.002221 -1.394085
2.926052 1.588889
-3.625650 -1.056149
2.609590 -0.756438
-0.459681 -1.582290
2.291384 -1.876688
1.527003 -1.743484
1.432082 -1.534175
-1.839343 1.964421
3.159013 -1.102708
1.628806 0.855580
2.608460 -1.913677
-4.096046 0.223018
1.997233 -1.543152
2.561916 -1.589388
-4.280880 0.685850
3.274475 -1.526118
1.493856 0.934967
0.661282 1.044937
-0.391158 -1.661538
2.140542 1.510678
2.521807 -2.214695
0.869787 -1.391930
-0.967755 1.858251
-4.051669 -0.761757
-3.899764 1.479856
0.658693 1.048115
1.096274 -1.187461
-2.009224 -2.747442
-3.939546 0.104346
-3.543238 -0.906386
2.396859 1.417213
-2.575699 -1.537888
1.524775 -1.774282
0.014304 -1.848913
0.806081 -1.233379
-3.377045 -0.900279
2.676634 0.515931
2.795987 1.685500
-2.568333 2.084982
2.761886 -0.611023
2.429829 -2.118539
-3.251205 -1.125964
-0.864316 1.966741
2.967880 1.690577
0.682112 0.763671
3.033225 -1.712792
2.746118 0.615724
-3.352527 1.717496
2.363465 1.602008
3.116905 1.011050
-2.749148 -1.879302
2.546004 0.199484
2.578212 -0.140719
1.630382 0.918411
-4.744653 0.279633
2.235626 1.639964
1.045735 -1.452042
-3.818414 -0.759212
-3.310871 1.108550
1.039727 -1.064718
1.258791 -1.254998
2.079373 1.273896
2.660725 -1.643396
2.398289 -0.397844
-2.445355 1.831971
-2.871878 -1.596359
0.996019 0.671219
-2.699575 -1.431202
1.149093 -1.410565
-4.088328 0.336727
1.542546 1.013619
-3.020385 -0.597455
-4.530884 0.844225
-3.711568 0.941160
-0.093872 -1.715984
2.857919 -0.574067
2.988260 1.235963
0.567518 -1.511845
