-0.0753671 -0.03384
-0.0714903 -0.0344707
-0.074796 -0.0349067
-0.0799199 -0.0361377
-0.0756103 -0.0365412
-0.0739384 -0.0380332
-0.0790454 -0.0394335
-0.0775934 -0.0410501
-0.0771384 -0.0431366
-0.0829172 -0.0450103
-0.0809544 -0.0463156
-0.0787115 -0.0473376
-0.0770288 -0.0485814
-0.0834135 -0.0511114
-0.0816815 -0.0523742
-0.0811987 -0.0543749
-0.0805237 -0.056214
-0.080233 -0.0582939
-0.0795578 -0.060067
-0.0790748 -0.0619522
-0.0823093 -0.0627023
-0.080528 -0.0635731
-0.0782526 -0.0639418
-0.0824447 -0.0655536
-0.0815279 -0.0670194
-0.081931 -0.0695564
-0.0781481 -0.0681804
-0.0799234 -0.0719403
-0.0769471 -0.071232
-0.0741075 -0.0706124
-0.0708528 -0.069548
-0.0721184 -0.0729661
-0.0722967 -0.0753276
-0.0712971 -0.0764371
-0.0694822 -0.0765877
-0.0720422 -0.0770839
-0.0746292 -0.0775799
-0.0772433 -0.0780759
-0.0738817 -0.076722
-0.0770389 -0.0778469
-0.0800475 -0.0787666
-0.0833187 -0.0798912
-0.0806413 -0.0793839
-0.0853298 -0.0819069
-0.0840099 -0.0827326
-0.08269 -0.0834925
-0.0811509 -0.0839598
-0.0857534 -0.0865654
-0.0842884 -0.087135
-0.0841719 -0.0890603
-0.0842802 -0.0912231
-0.0809198 -0.0897676
-0.0814639 -0.0924005
-0.0813501 -0.0942977
-0.0790065 -0.0939206
-0.0790024 -0.0959339
-0.0767792 -0.0956783
-0.074871 -0.0958122
-0.0749764 -0.0939286
-0.072961 -0.0939325
-0.0710413 -0.0940634
-0.0689295 -0.09394
-0.0668228 -0.0938164
-0.0667287 -0.0956975
-0.0647179 -0.095701
-0.0626218 -0.0955746
-0.0625333 -0.0974473
-0.0605277 -0.0974507
-0.0606134 -0.095578
-0.0586843 -0.0957111
-0.0566727 -0.0957142
-0.0547351 -0.0958472
-0.052649 -0.0957203
-0.0506368 -0.0957231
-0.0485585 -0.095596
-0.0464855 -0.0954687
-0.0444784 -0.0954712
-0.0444759 -0.0974742
-0.0424686 -0.0974766
-0.042471 -0.0954736
-0.0405736 -0.0957358
-0.0386129 -0.0958679
-0.0365969 -0.09587
-0.034534 -0.0957421
-0.0344852 -0.097618
-0.0324304 -0.0974873
-0.0304224 -0.0974891
-0.0284143 -0.0974908
-0.0264061 -0.0974924
-0.024431 -0.0976265
-0.0244655 -0.0957504
-0.022482 -0.0958817
-0.020493 -0.0960128
-0.0184234 -0.0957541
-0.0164092 -0.0957551
-0.016386 -0.0976312
-0.014355 -0.0974994
-0.0123127 -0.0972349
-0.0103094 -0.0972355
-0.0103088 -0.0992331
-0.00830559 -0.0992337
-0.00829474 -0.0971034
-0.00631131 -0.0973692
-0.00430518 -0.0973695
-0.0023053 -0.097635
-0.000293688 -0.097635
0.00171793 -0.097635
0.00372954 -0.0976348
0.00573333 -0.0975019
0.00773164 -0.0973689
0.00972446 -0.0972357
0.0117278 -0.0972351
0.0117111 -0.0990973
0.0137115 -0.0990965
0.0157334 -0.0992311
0.0177606 -0.0993654
0.0197663 -0.0993644
0.021772 -0.0993631
0.0237776 -0.0993618
0.025783 -0.0993603
0.0277506 -0.0992234
0.0297126 -0.0990864
0.0317123 -0.0990846
0.0337119 -0.0990827
0.035809 -0.0993514
0.0378138 -0.0993493
0.0398186 -0.099347
0.0417662 -0.0992093
0.0437679 -0.0992069
0.0458319 -0.0993396
0.0479012 -0.0994723
0.04984 -0.0993342
0.0517731 -0.0991959
0.0516289 -0.100917
0.0538474 -0.0993283
0.0559269 -0.0994605
0.0579329 -0.0994573
0.0576143 -0.100907
0.059446 -0.100628
0.0614352 -0.100624
0.0634241 -0.100621
0.0655025 -0.100755
0.0674013 -0.100613
0.06958 -0.100886
0.0715735 -0.100882
0.0736674 -0.101016
0.0756632 -0.101011
0.0775527 -0.100869
0.0795453 -0.100865
0.0815376 -0.10086
0.0835297 -0.100856
0.0855216 -0.100851
0.0873935 -0.100709
0.0895045 -0.100842
0.0916208 -0.100975
0.0936143 -0.10097
0.0953463 -0.100689
0.0970672 -0.100408
0.0970621 -0.10239
0.0986357 -0.101963
0.100609 -0.101957
0.102582 -0.101952
0.104411 -0.101806
0.104549 -0.103919
0.106228 -0.103627
0.107746 -0.103192
0.109551 -0.103043
0.111196 -0.10275
0.112988 -0.102601
0.114614 -0.102309
0.116554 -0.102303
0.118163 -0.102011
0.120098 -0.102005
0.122204 -0.102142
0.123569 -0.105249
0.125527 -0.105243
0.127132 -0.104945
0.129084 -0.104938
0.131037 -0.104932
0.132989 -0.104926
0.134565 -0.104628
0.136511 -0.104621
0.138264 -0.104469
0.140011 -0.104316
0.141752 -0.104164
0.143487 -0.104012
0.145217 -0.103859
0.147148 -0.103853
0.148381 -0.106679
0.148869 -0.1037
0.151009 -0.10384
0.152939 -0.103833
0.155086 -0.103972
0.156578 -0.103674
0.158727 -0.103813
0.160656 -0.103807
0.162356 -0.103654
0.164282 -0.103648
0.166207 -0.103641
0.168133 -0.103635
0.170536 -0.10392
0.171964 -0.106747
0.173669 -0.106592
0.175368 -0.106437
0.177556 -0.106579
0.179249 -0.106424
0.181189 -0.106417
0.183129 -0.106411
0.185069 -0.106404
0.186748 -0.106249
0.18763 -0.105649
0.189556 -0.105643
0.191213 -0.105488
0.193679 -0.105778
0.195333 -0.105624
0.197258 -0.105618
0.199183 -0.105611
0.200543 -0.105309
0.202747 -0.105451
0.204382 -0.105297
0.20601 -0.105142
0.208329 -0.108275
0.209974 -0.108118
0.211613 -0.107962
0.213546 -0.107956
0.215779 -0.108101
0.217715 -0.108096
0.219343 -0.107939
0.220966 -0.107783
0.222896 -0.107777
0.224826 -0.107772
0.22612 -0.107465
0.228365 -0.107611
0.229646 -0.107304
0.231568 -0.107299
0.232833 -0.106993
0.235412 -0.10729
0.237 -0.107135
0.238583 -0.10698
0.240839 -0.107126
0.243101 -0.107273
0.244465 -0.109817
0.245368 -0.10742
0.246947 -0.107266
0.24852 -0.107111
0.25044 -0.107108
0.2522 -0.109803
0.253779 -0.109646
0.256069 -0.109796
0.257644 -0.109639
0.259576 -0.109637
0.261509 -0.109634
0.263442 -0.109631
0.264632 -0.109322
0.266186 -0.109166
0.268112 -0.109164
0.270039 -0.109162
0.271965 -0.109161
0.273507 -0.109006
0.275044 -0.108851
0.277358 -0.109004
0.279284 -0.109003
0.28121 -0.109002
0.282739 -0.108848
0.284663 -0.108848
0.286184 -0.108695
0.288108 -0.108695
0.289212 -0.108388
0.291132 -0.108389
0.293607 -0.111244
0.294713 -0.110933
0.296644 -0.110934
0.298997 -0.111092
0.296472 -0.108239
0.298815 -0.108394
0.300738 -0.108396
0.302661 -0.108398
0.305664 -0.11141
0.307608 -0.111413
0.305017 -0.108554
0.307813 -0.108864
0.311058 -0.109328
0.31432 -0.109792
0.313437 -0.107547
0.316711 -0.108003
0.319557 -0.108308
0.322862 -0.108765
0.324383 -0.108618
0.3259 -0.108472
0.327412 -0.108326
0.327417 -0.110279
0.329837 -0.108482
0.331807 -0.108488
0.331352 -0.11029
0.333321 -0.110296
0.335291 -0.110302
0.335285 -0.108349
0.337256 -0.108356
0.338756 -0.108211
0.339235 -0.110316
0.340734 -0.11017
0.342229 -0.110024
0.344681 -0.110185
0.346656 -0.110194
0.345681 -0.10794
0.348138 -0.1081
0.345698 -0.105409
0.352549 -0.1069
0.351563 -0.104647
0.354488 -0.103546
0.347141 -0.101967
0.353453 -0.101845
0.360738 -0.101927
0.347576 -0.0987605
0.351436 -0.0978814
0.360614 -0.0984099
0.347026 -0.0952373
0.351345 -0.094436
0.363354 -0.0956094
0.350285 -0.0926946
0.362704 -0.0939185
0.348266 -0.0906957
0.358238 -0.0912438
0.341053 -0.0873664
0.35144 -0.0880058
0.367496 -0.0899125
0.346108 -0.0851697
0.366297 -0.0880186
0.348286 -0.0841778
0.366023 -0.0863348
0.351345 -0.0833577
0.362017 -0.0837706
0.347886 -0.0809748
0.353881 -0.0802867
0.369565 -0.0816692
0.353157 -0.0785055
0.369207 -0.0798867
0.35333 -0.0769069
0.362446 -0.0767317
0.372017 -0.0765417
0.356194 -0.0737254
0.368428 -0.0740494
0.351795 -0.0711328
0.364406 -0.0714855
0.351454 -0.0693631
0.361302 -0.069115
0.36936 -0.0684158
0.351982 -0.0655949
0.36177 -0.0652111
0.375563 -0.0654054
0.35867 -0.0628469
0.375917 -0.0635607
0.366131 -0.0622885
0.352508 -0.0603436
0.364301 -0.0600976
0.374347 -0.0594277
0.355521 -0.0567921
0.364636 -0.0559671
0.37462 -0.055156
0.358039 -0.0530466
0.374 -0.0530569
0.364786 -0.0520776
0.357363 -0.0513432
0.354239 -0.0512209
0.355752 -0.0517719
0.364319 -0.0533633
0.364445 -0.0537309
0.359048 -0.0552842
0.352167 -0.0545817
0.355997 -0.0555411
0.356083 -0.0559253
0.350479 -0.0554149
0.338895 -0.0539458
0.351745 -0.0536123
0.337409 -0.0517773
0.352964 -0.0517609
0.345815 -0.0510602
0.339518 -0.0504765
0.334057 -0.0500099
0.336013 -0.0506547
0.340991 -0.0517676
0.337068 -0.0515353
0.331646 -0.051069
0.325137 -0.0504273
0.318688 -0.0497856
0.335167 -0.0499287
0.329403 -0.0494285
0.323687 -0.0489283
0.317654 -0.0483724
0.316403 -0.0485418
0.318024 -0.0491578
0.313853 -0.048881
0.305798 -0.0479904
0.302064 -0.0477695
0.298702 -0.0476045
0.295009 -0.0473836
0.289959 -0.0469396
0.287004 -0.0468305
0.293224 -0.0482285
0.294258 -0.0487894
0.289227 -0.0483456
0.27927 -0.0470643
0.27568 -0.0468437
0.295069 -0.0476968
0.272437 -0.046679
0.269211 -0.0465143
0.289575 -0.0475963
0.287797 -0.0477055
0.283466 -0.0473897
0.26662 -0.0468551
0.270972 -0.048031
0.271774 -0.0485926
0.266461 -0.0499625
0.257345 -0.048677
0.253566 -0.0483873
0.25164 -0.0484491
0.247598 -0.0481008
0.251522 -0.0465942
0.246879 -0.0461503
0.262424 -0.0466675
0.257091 -0.0461391
0.255627 -0.0463018
0.252112 -0.0460924
0.249482 -0.0460424
0.253421 -0.0472155
0.238292 -0.0466694
0.239994 -0.0474553
0.2377 -0.0474587
0.232911 -0.046959
0.244005 -0.0468002
0.237234 -0.0459526
0.232452 -0.0454773
0.229333 -0.045321
0.228363 -0.0455904
0.228947 -0.046179
0.229994 -0.0468741
0.219026 -0.0469237
0.218307 -0.0472628
0.214488 -0.0469307
0.211965 -0.0468783
0.217281 -0.0457138
0.212204 -0.0451318
0.207929 -0.0447094
0.222042 -0.0453
0.218636 -0.0451014
0.215492 -0.0449533
0.214759 -0.0453103
0.213041 -0.0454653
0.208966 -0.0451151
0.204697 -0.0447143
0.200014 -0.0442124
0.196966 -0.0440641
0.19438 -0.0440169
0.192902 -0.0442223
0.193361 -0.0448827
0.191599 -0.0450377
0.18706 -0.0445355
0.181946 -0.0438816
0.178764 -0.0436826
0.176421 -0.0436858
0.174076 -0.043689
0.170738 -0.0434394
0.16723 -0.0431391
0.177624 -0.0433483
0.175165 -0.0433514
0.164335 -0.0429905
0.161074 -0.0427406
0.160471 -0.0431989
0.161299 -0.044062
0.163313 -0.0452793
0.160522 -0.0451812
0.1542 -0.0440712
0.149393 -0.0433658
0.157589 -0.043277
0.153072 -0.0427055
0.150478 -0.0426605
0.148554 -0.042807
0.139578 -0.0425142
0.138601 -0.0429219
0.138866 -0.0437346
0.139043 -0.0445474
0.133853 -0.043639
0.128914 -0.0427811
0.135172 -0.0424377
0.131261 -0.0419613
0.127994 -0.0416765
0.125191 -0.0415353
0.123114 -0.0416336
0.122831 -0.0423548
0.122057 -0.0429323
0.118014 -0.0423597
0.112728 -0.0413079
0.109354 -0.0409268
0.116143 -0.0409888
0.112918 -0.0407199
0.110462 -0.0407221
0.108844 -0.0410407
0.102009 -0.0407897
0.100625 -0.0411753
0.100685 -0.0421841
0.0962207 -0.0426126
0.0973887 -0.0441856
0.0965349 -0.0448972
0.0942234 -0.04495
0.0911817 -0.0446481
0.088374 -0.0444474
0.0865681 -0.0447535
0.0848245 -0.0451103
0.0826721 -0.0452643
0.0800537 -0.0451648
0.0772717 -0.0449638
0.0731612 -0.0439517
0.0737536 -0.0419172
0.0696512 -0.0409116
0.0728373 -0.0403433
0.0698476 -0.0400282
0.0677341 -0.0402105
0.0654516 -0.0403024
0.0616019 -0.0393991
0.0586772 -0.0390385
0.0565791 -0.0392206
0.0554593 -0.0401266
0.0536449 -0.0411611
0.0523156 -0.0419779
0.0502654 -0.0422669
0.0476933 -0.0421241
0.0490525 -0.0408538
0.0454481 -0.0398595
0.0427943 -0.0396342
0.0403522 -0.0395899
0.0381323 -0.0397717
0.0358498 -0.0399082
0.0332474 -0.0396828
0.0307425 -0.0395477
0.0284811 -0.0397293
0.0263461 -0.0401372
0.024027 -0.0403188
0.0217586 -0.040636
0.0194303 -0.040908
0.0168815 -0.0407274
0.0143385 -0.0405014
0.0118494 -0.040366
0.00941882 -0.0404115
0.00700619 -0.0405926
0.00458179 -0.0408643
0.00210349 -0.0407286
-0.000358402 -0.0405929
-0.00281328 -0.0405928
-0.00529163 -0.0407738
-0.00517405 -0.0422788
-0.0076281 -0.0425186
-0.0100868 -0.0426624
-0.0125196 -0.0426621
-0.0149188 -0.0425658
-0.0173069 -0.0424695
-0.019684 -0.0423731
-0.0216496 -0.0415088
-0.0224761 -0.0406359
-0.024017 -0.0391421
-0.0251559 -0.0385188
-0.0262928 -0.0366476
-0.027849 -0.0363181
-0.029649 -0.0354822
-0.0318737 -0.0352429
-0.0344525 -0.0354014
-0.0377577 -0.036236
-0.035436 -0.0363475
-0.0388794 -0.0374096
-0.042131 -0.0381739
-0.0434451 -0.0371953
-0.0446333 -0.0362167
-0.0473584 -0.0359544
-0.0488384 -0.0352376
-0.0510877 -0.0351173
-0.0537445 -0.0352754
-0.0570562 -0.0358311
-0.0536356 -0.0360002
-0.0570742 -0.0367217
-0.061431 -0.037953
-0.0632996 -0.0376118
-0.0637134 -0.0364631
-0.0664622 -0.0355879
-0.0670603 -0.0346323
-0.0707572 -0.0340276
-0.0727104 -0.0337672
