-0.0317495 0.426187
-0.0249456 0.362425
-0.0285409 0.41231
-0.032425 0.430322
-0.0315485 0.389092
-0.0317393 0.389201
-0.0327489 0.375067
-0.0394534 0.449248
-0.037971 0.429861
-0.0426709 0.453149
-0.0435026 0.459287
-0.0428873 0.450135
-0.0363221 0.404
-0.0332315 0.393404
-0.0392408 0.431282
-0.0394868 0.431378
-0.0376095 0.439915
-0.0325583 0.407324
-0.0321652 0.399959
-0.0359181 0.415052
-0.0364939 0.419126
-0.0392382 0.420891
-0.0417412 0.420009
-0.0424872 0.430146
-0.0451652 0.430591
-0.0441036 0.397298
-0.0445478 0.403755
-0.0477518 0.435425
-0.045027 0.434525
-0.0437241 0.424502
-0.0447959 0.410941
-0.0481974 0.444801
-0.0445025 0.413154
-0.0457059 0.399776
-0.0491886 0.427669
-0.0466918 0.403522
-0.0457924 0.373832
-0.0497854 0.403958
-0.0523716 0.404847
-0.0582764 0.430151
-0.0553304 0.410904
-0.0587102 0.419703
-0.0602201 0.433099
-0.0599037 0.450277
-0.0604464 0.457086
-0.0571999 0.452991
-0.0600959 0.434802
-0.0581637 0.396167
-0.0611873 0.400188
-0.0585252 0.385104
-0.0611899 0.405072
-0.0629862 0.403425
-0.0729893 0.450273
-0.0702595 0.430845
-0.0683381 0.404173
-0.0697373 0.398298
-0.0731149 0.406161
-0.0693507 0.387551
-0.0656684 0.369152
-0.0615897 0.358103
-0.0586353 0.353038
-0.0704824 0.421864
-0.0750309 0.401014
-0.0685622 0.417911
-0.0684133 0.414483
-0.0707045 0.413145
-0.0739134 0.429269
-0.080339 0.450579
-0.0800666 0.434155
-0.080805 0.44084
-0.0790028 0.417169
-0.0803175 0.410918
-0.0804759 0.399307
-0.0778672 0.388712
-0.0798459 0.386917
-0.0841097 0.405115
-0.0876234 0.41003
-0.0913931 0.415839
-0.0939221 0.415841
-0.0957259 0.412717
-0.0909627 0.394566
-0.101119 0.44127
-0.0936697 0.398321
-0.0974778 0.401761
-0.0998738 0.409149
-0.105977 0.431511
-0.105824 0.420415
-0.110686 0.429297
-0.101302 0.395307
-0.107457 0.409604
-0.113664 0.430632
-0.117019 0.433298
-0.120529 0.436409
-0.115995 0.422564
-0.110726 0.405822
-0.107793 0.404021
-0.113072 0.42637
-0.110607 0.407836
-0.119819 0.427035
-0.119599 0.417211
-0.124982 0.438637
-0.124205 0.430645
-0.12671 0.430204
-0.130278 0.433316
-0.127604 0.421828
-0.130474 0.422714
-0.133911 0.425365
-0.133213 0.420543
-0.135818 0.420546
-0.138568 0.420989
-0.14103 0.420554
-0.143636 0.420558
-0.146242 0.420562
-0.148848 0.420567
-0.151613 0.42101
-0.152565 0.426279
-0.155191 0.426285
-0.15749 0.425408
-0.160111 0.425414
-0.163605 0.437373
-0.165777 0.436048
-0.167589 0.433834
-0.155074 0.403892
-0.169723 0.432509
-0.17485 0.438734
-0.179154 0.442738
-0.179312 0.436529
-0.176203 0.426336
-0.17809 0.424579
-0.177898 0.421509
-0.178076 0.419318
-0.178809 0.418421
-0.178063 0.414062
-0.177872 0.411008
-0.179162 0.41136
-0.176011 0.401542
-0.176377 0.399788
-0.178039 0.400942
-0.180626 0.404118
-0.178957 0.397758
-0.176877 0.398989
-0.176874 0.396349
-0.176142 0.392086
-0.17377 0.384218
-0.173951 0.382027
-0.176685 0.3854
-0.177049 0.383557
-0.177413 0.381703
-0.178507 0.381398
-0.179054 0.379901
-0.178872 0.376852
-0.176321 0.368849
-0.176322 0.366226
-0.177782 0.366611
-0.17979 0.368074
-0.178698 0.363177
-0.180341 0.363831
-0.177791 0.356039
-0.181624 0.361009
-0.182356 0.359749
-0.17569 0.351838
-0.176951 0.351689
-0.175518 0.346187
-0.176421 0.345299
-0.178222 0.34613
-0.179484 0.345868
-0.179309 0.342821
-0.177518 0.336712
-0.176265 0.331672
-0.176271 0.329018
-0.177175 0.328027
-0.177361 0.325689
-0.177547 0.323347
-0.178991 0.323271
-0.181514 0.325083
-0.180802 0.321074
-0.181887 0.320252
-0.180097 0.314378
-0.180105 0.311668
-0.180472 0.309575
-0.18012 0.306249
-0.182825 0.308083
-0.175639 0.300518
-0.177064 0.300237
-0.177957 0.299021
-0.177612 0.295713
-0.177266 0.292417
-0.17816 0.291157
-0.177815 0.287863
-0.176761 0.283444
-0.176593 0.280463
-0.176071 0.276931
-0.176611 0.27507
-0.177506 0.27374
-0.179464 0.274005
-0.179828 0.2718
-0.179838 0.269054
-0.17967 0.266046
-0.181098 0.265379
-0.183589 0.266211
-0.181118 0.259848
-0.179533 0.254819
-0.181315 0.254565
-0.18168 0.252288
-0.181336 0.249027
-0.18436 0.25035
-0.176999 0.244101
-0.178057 0.242784
-0.177718 0.239551
-0.175807 0.234236
-0.176341 0.232198
-0.178098 0.231734
-0.179505 0.230767
-0.178468 0.226651
-0.176732 0.221691
-0.176917 0.219165
-0.178324 0.218129
-0.178509 0.215572
-0.177821 0.211969
-0.177132 0.208387
-0.177317 0.20584
-0.178375 0.204288
-0.180308 0.20369
-0.180493 0.201085
-0.180328 0.19809
-0.18261 0.19775
-0.184193 0.196593
-0.188048 0.197776
-0.177728 0.189883
-0.177566 0.186897
-0.176888 0.183382
-0.176725 0.180415
-0.177768 0.178664
-0.181219 0.179263
-0.181229 0.176403
-0.179001 0.1714
-0.178839 0.168412
-0.179537 0.166226
-0.179718 0.163548
-0.179383 0.160402
-0.180081 0.158174
-0.181295 0.15637
-0.182337 0.154381
-0.181658 0.150929
-0.177534 0.144691
-0.177105 0.146665
-0.176267 0.143134
-0.175258 0.139495
-0.179962 0.14097
-0.177904 0.136541
-0.181701 0.136577
-0.175444 0.133996
-0.177486 0.1327
-0.177833 0.130098
-0.176824 0.126514
-0.177001 0.123793
-0.177687 0.121414
-0.177355 0.118333
-0.176854 0.115153
-0.17737 0.112635
-0.179242 0.110939
-0.17874 0.107753
-0.178069 0.104482
-0.177905 0.101524
-0.180795 0.100264
-0.175561 0.0989534
-0.173357 0.0993359
-0.171777 0.100095
-0.169677 0.100571
-0.165989 0.100107
-0.170676 0.0999467
-0.16402 0.09776
-0.16427 0.0996847
-0.162336 0.10033
-0.160363 0.100976
-0.156216 0.100251
-0.151553 0.0991596
-0.150789 0.100628
-0.144972 0.0987137
-0.140714 0.0978051
-0.139657 0.0999708
-0.136892 0.10007
-0.134122 0.10017
-0.131346 0.100269
-0.12796 0.0998976
-0.129775 0.0983742
-0.126723 0.0982877
-0.123562 0.0981097
-0.120186 0.0977487
-0.116723 0.0972961
-0.114248 0.0976665
-0.111648 0.0979453
-0.10903 0.098224
-0.111166 0.0971558
-0.105606 0.097771
-0.102016 0.0971349
-0.104998 0.0969867
-0.0997747 0.0948611
-0.0993029 0.0972609
-0.0963998 0.0973258
-0.0938466 0.0976955
-0.091101 0.0978822
-0.0956173 0.0996647
-0.090408 0.0973609
-0.0857388 0.0955006
-0.0847792 0.0973405
-0.0820272 0.0975269
-0.0792639 0.0977131
-0.0809 0.0967498
-0.0768469 0.0983568
-0.0734976 0.0978109
-0.0747382 0.0964897
-0.0698507 0.0968074
-0.0663902 0.0959867
-0.0679752 0.0953415
-0.0727249 0.0988615
-0.0640081 0.0967214
-0.0614664 0.0972731
-0.061758 0.0948141
-0.058506 0.0971841
-0.0554986 0.0970034
-0.0555009 0.0941086
-0.0528514 0.0945547
-0.0528989 0.0975548
-0.0501723 0.097923
-0.0473796 0.0981996
-0.0473816 0.0952691
-0.0444875 0.0982931
-0.0415123 0.0982033
-0.0418622 0.0960719
-0.0422121 0.0938909
-0.0426394 0.091827
-0.0459428 0.0924086
-0.0443823 0.092443
-0.0396978 0.0919953
-0.0387973 0.0928598
-0.0356473 0.0923449
-0.0324995 0.0917438
-0.0328056 0.0896648
-0.03549 0.0938176
-0.0380422 0.0922849
-0.0325006 0.0943831
-0.0290975 0.0937395
-0.0260278 0.0941435
-0.0228328 0.0941444
-0.0228532 0.0910305
-0.0228541 0.0878356
-0.0229331 0.08493
-0.0196399 0.0845688
-0.0196742 0.0815153
-0.0196917 0.0783836
-0.0197428 0.0753746
-0.0197433 0.0721645
-0.0197775 0.0690715
-0.0198117 0.0659674
-0.0198963 0.0630118
-0.0199305 0.0598771
-0.0199478 0.0566834
-0.01666 0.0565404
-0.0134113 0.056493
-0.0101593 0.0563977
-0.0069242 0.0563501
-0.00370078 0.056398
-0.000471467 0.056398
0.00275551 0.0563502
0.00598715 0.0563979
0.0092008 0.0563021
0.0124246 0.0563019
0.0156084 0.0561582
0.0156752 0.0531691
0.0188399 0.0562056
0.0221143 0.0563485
0.025362 0.0563957
0.0286151 0.0564429
0.0317657 0.0562988
0.0317394 0.0530313
0.0349599 0.0530306
0.0382127 0.0530749
0.0416115 0.0532993
0.044848 0.0532983
0.0479217 0.0531171
0.0511468 0.053116
0.0543718 0.0531149
0.0577431 0.0532489
0.0608726 0.0531575
0.0642083 0.0532462
0.0674976 0.0532899
0.0707323 0.0532884
0.0739042 0.0532418
0.0771356 0.0532402
0.0803668 0.0532385
0.0836683 0.0532818
0.0868281 0.053235
0.0899821 0.0531881
0.0931303 0.0531412
0.0965993 0.0532743
0.1 0.0533623
0.103324 0.0534052
0.106474 0.053358
0.10971 0.0533558
0.11285 0.0533084
0.116181 0.0533511
0.119517 0.0533937
0.122858 0.0534363
0.125885 0.0533437
0.129009 0.0532961
0.13224 0.0532935
0.13547 0.0532908
0.1387 0.0532881
0.141809 0.0532403
0.14479 0.0531474
0.14801 0.0531445
0.151741 0.0533216
0.15072 0.0497458
0.151482 0.0564636
0.151735 0.0597963
0.155619 0.0600453
0.147878 0.0595473
0.148125 0.0628772
0.149124 0.0665535
0.145145 0.0662215
0.141796 0.0661691
0.142392 0.069694
0.138801 0.0695216
0.135226 0.0693491
0.131778 0.0692353
0.13211 0.0726431
0.128446 0.072401
0.125229 0.0724045
0.122219 0.0725307
0.118895 0.0724726
0.119295 0.0759532
0.115867 0.0758283
0.112545 0.0757674
0.109135 0.0756423
0.106006 0.0757096
0.102696 0.0756485
0.0995606 0.0757156
0.0998951 0.0792076
0.0966611 0.0792106
0.0932689 0.0790797
0.0899635 0.0790157
0.0865897 0.0788845
0.0833681 0.0788872
0.0800781 0.0788228
0.0769238 0.0788921
0.0735136 0.0786937
0.070299 0.078696
0.0668559 0.0784304
0.0669678 0.081773
0.0632151 0.0810786
0.0633759 0.084477
0.0634281 0.0877412
0.0634801 0.0910106
0.0630977 0.0936403
0.0628781 0.0964815
0.0626585 0.0993005
0.0616787 0.100854
0.0596673 0.100571
0.0631272 0.1013
0.0610147 0.100836
0.0641778 0.10121
0.067675 0.102056
0.0710255 0.102618
0.0742726 0.102992
0.0771172 0.1028
0.0802443 0.102985
0.0834581 0.103265
0.0862936 0.103073
0.0893627 0.103163
0.092184 0.102971
0.0949069 0.102684
0.0975234 0.102304
0.100673 0.102488
0.103547 0.10239
0.106219 0.102103
0.109479 0.102381
0.113066 0.102941
0.115198 0.102183
0.118158 0.102179
0.121675 0.102645
0.124418 0.102451
0.127151 0.102258
0.130231 0.102347
0.133194 0.102342
0.135781 0.102054
0.138606 0.101955
0.141949 0.102232
0.145575 0.102697
0.148819 0.102879
0.151101 0.102403
0.15378 0.102209
0.156592 0.102109
0.159987 0.102385
0.162948 0.102379
0.166061 0.102467
0.168869 0.102367
0.171987 0.102455
0.173985 0.101884
0.176276 0.101501
0.179875 0.101871
0.182988 0.101959
0.185762 0.101858
0.188531 0.101757
0.192179 0.102127
0.194591 0.101838
0.196985 0.101549
0.198808 0.100978
0.201912 0.101066
0.205021 0.101153
0.207942 0.101146
0.21047 0.100951
0.213583 0.101038
0.2165 0.101031
0.220845 0.101682
0.224193 0.101863
0.228809 0.102607
0.230709 0.10213
0.234086 0.102311
0.226555 0.101893
0.23333 0.103625
0.230493 0.105252
0.228962 0.10742
0.228737 0.110179
0.230035 0.113685
0.228939 0.11601
0.227407 0.118082
0.225876 0.120115
0.226303 0.123176
0.226512 0.126127
0.225851 0.128587
0.232629 0.130808
0.227583 0.132423
0.227574 0.135268
0.235034 0.137974
0.232822 0.139555
0.229729 0.140543
0.228178 0.142416
0.22861 0.145512
0.227939 0.147905
0.232304 0.148896
0.230734 0.150708
0.229833 0.152927
0.227888 0.149803
0.230269 0.156031
0.230259 0.158837
0.231141 0.162269
0.230462 0.164608
0.229784 0.166931
0.22799 0.168413
0.22798 0.171191
0.228861 0.174649
0.229074 0.177609
0.227504 0.179171
0.229142 0.178284
0.230034 0.181754
0.231602 0.185788
0.231592 0.188575
0.232032 0.191734
0.230443 0.193202
0.229981 0.195591
0.228392 0.196996
0.230411 0.201518
0.230851 0.204689
0.230615 0.207263
0.227448 0.207163
0.227438 0.209898
0.227427 0.212633
0.228543 0.216435
0.230834 0.215998
0.23128 0.219173
0.230813 0.221483
0.231715 0.225112
0.229652 0.225846
0.228957 0.227894
0.228947 0.230614
0.229849 0.234263
0.230979 0.238169
0.229828 0.239724
0.230502 0.243175
0.229808 0.245184
0.230254 0.248405
0.228192 0.248903
0.227955 0.251362
0.231356 0.252106
0.233192 0.256855
0.235027 0.261646
0.232711 0.26181
0.23201 0.263756
0.230156 0.26436
0.230839 0.267865
0.229908 0.269494
0.229668 0.27192
0.230121 0.275167
0.22919 0.276756
0.229182 0.279446
0.232109 0.279719
0.232334 0.282697
0.233959 0.287399
0.233952 0.290115
0.232311 0.290787
0.232304 0.293483
0.231597 0.295288
0.232057 0.298577
0.230884 0.299757
0.230178 0.301522
0.230172 0.304195
0.229933 0.306557
0.231093 0.310795
0.230155 0.312214
0.230849 0.315845
0.230378 0.317884
0.231772 0.322507
0.231068 0.324219
0.230132 0.325585
0.233281 0.326241
0.232806 0.328257
0.233038 0.331268
0.233507 0.334622
0.232797 0.336285
0.232558 0.338618
0.2335 0.342678
0.233026 0.344666
0.233025 0.347347
0.233024 0.350028
0.232788 0.352353
0.231608 0.353234
0.231844 0.356263
0.234203 0.362585
0.237377 0.363316
0.24215 0.373377
0.24573 0.381694
0.236328 0.371317
0.235386 0.372547
0.235388 0.375261
0.233976 0.375703
0.234686 0.379546
0.233982 0.381101
0.234222 0.384188
0.232575 0.384165
0.2448 0.399754
0.242419 0.398626
0.243141 0.40258
0.242192 0.403767
0.242676 0.407337
0.238627 0.403256
0.237442 0.403955
0.236495 0.405037
0.238175 0.410624
0.2389 0.414594
0.237717 0.415246
0.236295 0.415453
0.23368 0.413515
0.232737 0.414495
0.233704 0.418877
0.23491 0.423713
0.237072 0.430311
0.231062 0.424231
0.225829 0.419452
0.231207 0.432136
0.226893 0.42907
0.222162 0.425133
0.220807 0.425174
0.219281 0.424685
0.213515 0.418569
0.210461 0.417686
0.206334 0.414623
0.204602 0.416357
0.204613 0.418973
0.20306 0.418526
0.200656 0.418953
0.200457 0.421145
0.194753 0.414555
0.190758 0.411475
0.18961 0.414537
0.189413 0.419792
0.186224 0.418467
0.182666 0.416266
0.179895 0.41582
0.173071 0.402524
0.177317 0.415812
0.176029 0.418875
0.172887 0.417552
0.170477 0.417984
0.167181 0.416223
0.166508 0.421041
0.163728 0.420597
0.161121 0.420591
0.158514 0.420586
0.15918 0.424971
0.155425 0.421876
0.155744 0.420142
0.151382 0.415312
0.146765 0.409607
0.145153 0.412233
0.144116 0.416614
0.142577 0.41968
0.139976 0.419676
0.136658 0.417479
0.137229 0.416626
0.134631 0.416623
0.132587 0.418363
0.132728 0.421419
0.130523 0.422731
0.127639 0.421851
0.124765 0.420971
0.121648 0.419214
0.118553 0.417457
0.117928 0.412684
0.11633 0.416168
0.114093 0.417473
0.114333 0.42096
0.112657 0.424466
0.110141 0.424902
0.110598 0.429307
0.106843 0.422269
0.10282 0.416566
0.10239 0.41739
0.0987118 0.404874
0.10552 0.443939
0.10193 0.426212
0.101157 0.434152
0.0941804 0.415178
0.0895783 0.397321
0.0907815 0.405121
0.0898737 0.409749
0.0928566 0.435495
0.0885991 0.41807
0.093228 0.452906
0.0950692 0.464659
0.0908307 0.454691
0.087706 0.436379
0.0825274 0.423504
0.0821986 0.435488
0.0808314 0.442589
0.0769482 0.435929
0.0739786 0.434152
0.0757198 0.447089
0.0697938 0.430043
0.0660009 0.422403
0.0671961 0.432651
0.0652028 0.434085
0.0638516 0.42252
0.0623188 0.429665
0.0583407 0.419838
0.0608222 0.435034
0.0598284 0.425308
0.0573291 0.426189
0.054366 0.423541
0.0558958 0.43814
0.0542397 0.446573
0.0508933 0.441246
0.0494605 0.431446
0.0447037 0.411794
0.0424286 0.414026
0.0417886 0.41026
0.042366 0.442163
0.0420208 0.43591
0.0362238 0.401073
0.0351019 0.416704
0.0329871 0.422063
0.0314866 0.405314
0.0278786 0.391497
0.030165 0.426148
0.0331636 0.432061
0.0292697 0.446204
0.0264986 0.401517
0.0250741 0.418489
0.0237557 0.441266
0.0229386 0.428679
0.0292689 0.440797
0.0287085 0.429713
0.0260903 0.430154
0.0232983 0.427507
0.020283 0.419565
0.0171607 0.406771
0.0175332 0.418157
0.0150069 0.419045
0.0150071 0.421614
0.0156909 0.443506
0.0185202 0.447101
0.0156912 0.446195
0.0132744 0.455236
0.0124047 0.427964
0.0100794 0.437969
0.00960859 0.420006
0.00882381 0.387992
0.00684416 0.403993
0.00466258 0.423666
0.00461715 0.417048
0.00472782 0.424495
0.00489892 0.437215
0.00223802 0.43362
-0.000377843 0.428228
-0.00307791 0.444404
-0.00554808 0.427778
-0.00522182 0.405055
-0.00555996 0.433876
-0.00528034 0.414516
-0.00285402 0.419548
-0.000360034 0.417908
0.00206433 0.412052
0.0044866 0.412515
0.00437092 0.404237
0.00744164 0.447083
0.00472862 0.439868
0.00460289 0.430656
0.00457286 0.430313
0.00228965 0.467752
0.00229419 0.465994
-0.000389031 0.462225
-0.000380689 0.449706
-0.0031314 0.471254
-0.00597442 0.477354
-0.00864732 0.4713
-0.00886125 0.485776
-0.00791221 0.42872
-0.0096953 0.398626
-0.0122431 0.40318
-0.015557 0.428955
-0.0172726 0.407197
-0.0205078 0.421598
-0.0197552 0.403701
-0.0199982 0.406211
-0.0221303 0.40037
-0.0267543 0.436318
-0.0228502 0.410896
-0.0228499 0.408392
-0.0265055 0.427036
-0.0289363 0.424373
-0.0287847 0.419566
-0.0314661 0.42089
-0.0341639 0.422214
-0.0318957 0.431888
-0.0204624 0.413129
-0.0179699 0.413575
-0.0159893 0.427867
-0.0158055 0.420376
-0.013108 0.416381
-0.0106171 0.4186
-0.0104371 0.414021
-0.00804784 0.42072
-0.00809069 0.425532
-0.0159061 0.428228
-0.0151887 0.411385
-0.017233 0.40144
-0.0225789 0.415891
-0.0227037 0.420672
-0.0194248 0.404102
-0.0219591 0.409277
-0.0259033 0.435205
-0.0255443 0.426656
-0.0251552 0.380205
-0.0266205 0.369225
-0.0283124 0.36282
-0.0282775 0.364524
-0.0296602 0.355319
-0.0357483 0.402338
-0.0272466 0.375665
-0.0234595 0.35247
-0.0124384 0.407196
-0.0102352 0.415889
-0.00769799 0.409771
-0.00725408 0.390753
-0.00560703 0.445387
-0.00280749 0.417608
-0.000364814 0.428454
0.00203424 0.408428
0.00759541 0.437692
0.00757981 0.434137
0.00750222 0.427065
0.0102042 0.430153
0.0127464 0.426624
0.012852 0.432805
0.0130499 0.442158
0.0102044 0.435459
0.0310638 0.425743
0.033056 0.417802
0.0353267 0.414273
0.0378364 0.413832
0.0412877 0.423097
0.0446701 0.430598
0.0474175 0.431481
0.0501246 0.431923
0.0434349 0.421268
0.0412452 0.425263
0.0351014 0.414164
0.0334753 0.425705
0.0310002 0.430102
0.0405819 0.454789
0.0445115 0.415009
0.0458793 0.407507
0.0617986 0.420896
0.063512 0.415162
0.062568 0.411509
0.0666302 0.421276
0.0716142 0.435926
0.0672634 0.427881
0.0538897 0.408018
0.0553747 0.421795
0.05915 0.430838
0.049045 0.389144
0.0877217 0.455667
-0.0992991 0.417186
-0.0680955 0.430941
-0.0599331 0.405737
-0.061348 0.433259
-0.0509883 0.411188
-0.0483533 0.410305
-0.0466162 0.417363
-0.0409842 0.412243
-0.0453974 0.433971
-0.0458316 0.466347
-0.0471213 0.429385
-0.0452593 0.391946
