-0.135495 -0.117933
-0.130037 -0.114936
-0.132602 -0.115643
-0.135395 -0.116529
-0.138636 -0.117771
-0.140851 -0.118122
-0.143507 -0.118828
-0.138975 -0.116832
-0.140941 -0.117007
-0.143796 -0.117906
-0.146454 -0.118623
-0.149134 -0.119341
-0.144149 -0.117085
-0.147248 -0.118182
-0.149685 -0.118726
-0.152372 -0.119455
-0.155081 -0.120183
-0.158051 -0.121095
-0.152528 -0.118594
-0.154735 -0.118961
-0.157198 -0.119514
-0.159677 -0.120066
-0.162674 -0.120992
-0.164684 -0.121172
-0.167211 -0.121725
-0.169754 -0.122278
-0.165608 -0.121031
-0.167601 -0.121214
-0.170921 -0.122342
-0.174006 -0.123281
-0.168395 -0.121022
-0.17172 -0.122167
-0.175894 -0.123887
-0.175343 -0.12525
-0.174248 -0.126208
-0.17653 -0.126596
-0.17036 -0.124636
-0.171702 -0.127349
-0.171696 -0.129077
-0.168638 -0.12807
-0.164814 -0.126454
-0.166657 -0.129584
-0.16312 -0.128152
-0.163375 -0.130052
-0.16039 -0.129018
-0.160901 -0.13112
-0.157681 -0.129861
-0.159211 -0.132812
-0.156514 -0.131964
-0.156508 -0.133639
-0.153833 -0.132781
-0.150684 -0.131489
-0.152412 -0.13467
-0.148786 -0.132924
-0.149515 -0.135234
-0.150244 -0.13756
-0.146645 -0.135771
-0.147851 -0.138546
-0.144282 -0.136735
-0.145234 -0.139286
-0.142408 -0.138142
-0.143113 -0.140468
-0.140071 -0.139079
-0.1403 -0.140934
-0.140294 -0.142557
-0.13705 -0.140897
-0.137507 -0.142981
-0.134525 -0.141543
-0.134977 -0.143622
-0.13157 -0.141681
-0.132016 -0.143749
-0.132463 -0.145828
-0.130205 -0.145087
-0.130422 -0.146918
-0.128398 -0.14642
-0.128613 -0.14825
-0.126815 -0.148002
-0.126821 -0.146426
-0.125889 -0.147187
-0.124091 -0.146941
-0.121879 -0.146192
-0.122292 -0.148273
-0.120091 -0.147516
-0.120085 -0.149086
-0.118104 -0.148578
-0.116537 -0.148583
-0.116531 -0.150148
-0.115168 -0.148846
-0.113598 -0.148852
-0.111834 -0.148601
-0.110076 -0.148349
-0.108135 -0.147841
-0.108693 -0.150176
-0.106755 -0.149662
-0.104827 -0.149148
-0.103449 -0.149414
-0.102421 -0.150199
-0.102427 -0.148635
-0.102609 -0.147325
-0.101562 -0.148094
-0.100154 -0.148354
-0.10016 -0.146777
-0.0989157 -0.147286
-0.0974942 -0.147543
-0.0974999 -0.145957
-0.0962364 -0.146461
-0.0962421 -0.14487
-0.0951286 -0.145615
-0.0954562 -0.144502
-0.0940043 -0.144752
-0.0959449 -0.14362
-0.0959507 -0.142006
-0.0948071 -0.142727
-0.0931804 -0.142733
-0.0917063 -0.142977
-0.0921706 -0.142059
-0.0930305 -0.140875
-0.0936586 -0.140187
-0.09382 -0.138787
-0.094137 -0.137609
-0.093258 -0.138752
-0.0938753 -0.137998
-0.0946096 -0.136644
-0.0950823 -0.135663
-0.0957107 -0.134885
-0.0963391 -0.134084
-0.097279 -0.13369
-0.0973932 -0.131545
-0.0983493 -0.131145
-0.0993056 -0.130713
-0.0998811 -0.129247
-0.101337 -0.129418
-0.102471 -0.129134
-0.102724 -0.1273
-0.104041 -0.127202
-0.105522 -0.127258
-0.105272 -0.124881
-0.107777 -0.12609
-0.107503 -0.123745
-0.110218 -0.125097
-0.110265 -0.123169
-0.110433 -0.121433
-0.11341 -0.122939
-0.113397 -0.121038
-0.114051 -0.119895
-0.11658 -0.120791
-0.117239 -0.119665
-0.12072 -0.121421
-0.12047 -0.119391
-0.120724 -0.117912
-0.123932 -0.119254
-0.123425 -0.117072
-0.127635 -0.119246
-0.128091 -0.11799
-0.128312 -0.116555
-0.128888 -0.115478
-0.133676 -0.11794
